30

0 0 0 0 0 0 0 25 1 0 11 0 22 2 29 6 10 39 0 37 0 0 1 44 0 43 13 15 4 0
0 0 0 23 15 0 17 0 0 0 33 0 0 19 0 0 0 19 8 0 0 2 49 14 0 24 6 47 29 0
0 0 0 30 0 26 0 24 33 10 30 36 0 39 43 47 0 0 32 18 0 0 34 11 27 0 0 4 0 44
0 23 30 0 11 0 0 0 43 8 38 0 44 0 0 0 48 0 0 0 4 0 2 9 30 6 41 34 20 0
0 15 0 11 0 43 47 11 13 14 34 0 23 0 24 23 0 0 43 0 30 20 22 31 0 2 0 36 17 0
0 0 26 0 43 0 36 0 0 47 0 0 35 28 0 37 0 0 19 0 39 44 30 49 16 0 11 1 0 0
0 17 0 0 47 36 0 33 27 35 25 3 48 35 26 28 0 0 6 0 0 0 9 31 0 9 13 37 11 30
25 0 24 0 11 0 33 0 0 0 7 43 21 5 0 0 18 28 0 0 0 7 0 0 40 0 32 22 0 46
1 0 33 43 13 0 27 0 0 38 48 0 0 0 0 0 5 8 0 0 16 0 0 0 12 7 0 41 42 0
0 0 10 8 14 47 35 0 38 0 21 14 0 0 47 0 29 19 33 0 33 19 40 42 0 0 36 0 34 47
11 33 30 38 34 0 25 7 48 21 0 0 3 0 21 29 0 20 2 20 13 0 0 3 41 30 8 0 0 0
0 0 36 0 0 0 3 43 0 14 0 0 32 46 28 42 6 27 0 0 0 0 36 0 0 9 0 0 0 8
22 0 0 44 23 35 48 21 0 0 3 32 0 11 0 0 16 23 18 14 0 0 3 1 12 14 44 6 2 11
2 19 39 0 0 28 35 5 0 0 0 46 11 0 28 22 1 45 0 17 0 0 32 0 24 22 29 0 0 6
29 0 43 0 24 0 26 0 0 47 21 28 0 28 0 4 15 9 0 0 0 0 0 26 0 47 43 0 49 29
6 0 47 0 23 37 28 0 0 0 29 42 0 22 4 0 4 39 28 26 0 0 42 42 0 0 0 11 8 0
10 0 0 48 0 0 0 18 5 29 0 6 16 1 15 4 0 34 0 0 3 12 18 45 0 14 0 49 47 13
39 19 0 0 0 0 0 28 8 19 20 27 23 45 9 39 34 0 0 47 43 9 0 0 32 1 29 0 0 0
0 8 32 0 43 19 6 0 0 33 2 0 18 0 0 28 0 0 0 32 43 0 21 20 23 0 26 0 33 29
37 0 18 0 0 0 0 0 0 0 20 0 14 17 0 26 0 47 32 0 16 34 0 25 0 26 13 35 32 18
0 0 0 4 30 39 0 0 16 33 13 0 0 0 0 0 3 43 43 16 0 0 2 14 0 4 16 24 29 37
0 2 0 0 20 44 0 7 0 19 0 0 0 0 0 0 12 9 0 34 0 0 0 0 0 47 13 48 0 0
1 49 34 2 22 30 9 0 0 40 0 36 3 32 0 42 18 0 21 0 2 0 0 38 0 0 0 4 15 0
44 14 11 9 31 49 31 0 0 42 3 0 1 0 26 42 45 0 20 25 14 0 38 0 3 27 1 37 43 0
0 0 27 30 0 16 0 40 12 0 41 0 12 24 0 0 0 32 23 0 0 0 0 3 0 0 20 11 42 43
43 24 0 6 2 0 9 0 7 0 30 9 14 22 47 0 14 1 0 26 4 47 0 27 0 0 29 21 23 0
13 6 0 41 0 11 13 32 0 36 8 0 44 29 43 0 0 29 26 13 16 13 0 1 20 29 0 23 0 33
15 47 4 34 36 1 37 22 41 0 0 0 6 0 0 11 49 0 0 35 24 48 4 37 11 21 23 0 34 0
4 29 0 20 17 0 11 0 42 34 0 0 2 0 49 8 47 0 33 32 29 0 15 43 42 23 0 34 0 0
0 0 44 0 0 0 30 46 0 47 0 8 11 6 29 0 13 0 29 18 37 0 0 0 43 0 33 0 0 0

0 0 48 10 15 0 3 37 0 39 0 0 38 0 40 39 38 0 37 30 29 0 33 38 38 0 0 42 0 2
0 0 3 40 0 46 45 13 0 9 0 0 28 0 0 0 25 0 0 0 16 19 16 24 43 0 6 0 27 0
48 3 0 34 0 2 18 31 23 29 14 36 4 2 12 13 0 25 0 18 0 0 38 27 0 21 31 16 8 36
10 40 34 0 0 15 0 0 20 33 9 0 26 0 0 49 49 9 0 0 8 39 3 0 3 0 42 0 18 0
15 0 0 0 0 14 16 0 41 0 0 32 0 0 0 27 3 49 7 0 0 32 0 0 0 0 26 10 0 1
0 46 2 15 14 0 9 10 14 0 24 0 0 2 46 0 18 24 31 0 28 11 45 0 29 41 6 45 0 43
3 45 18 0 16 9 0 0 0 0 4 0 25 34 0 32 41 48 27 0 38 28 46 0 31 28 0 0 31 0
37 13 31 0 0 10 0 0 0 0 0 0 8 8 42 0 28 35 0 21 0 25 17 0 0 47 0 0 37 0
0 0 23 20 41 14 0 0 0 0 40 33 7 0 17 17 0 41 39 15 8 2 0 20 0 0 0 22 0 10
39 9 29 33 0 0 0 0 0 0 0 15 24 1 13 17 14 0 38 32 9 36 42 0 7 0 26 32 0 0
0 0 14 9 0 24 4 0 40 0 0 27 28 0 34 0 22 7 5 0 45 0 8 0 33 0 0 19 0 1
0 0 36 0 32 0 0 0 33 15 27 0 0 24 0 0 0 27 0 0 30 4 10 0 7 4 0 18 0 0
38 28 4 26 0 0 25 8 7 24 28 0 0 0 29 8 30 2 21 30 7 0 41 0 6 38 0 24 35 0
0 0 2 0 0 2 34 8 0 1 0 24 0 0 43 14 9 4 0 42 34 0 31 22 0 25 0 32 40 0
40 0 12 0 0 46 0 42 17 13 34 0 29 43 0 0 0 34 46 0 36 36 0 0 5 1 32 16 18 0
39 0 13 49 27 0 32 0 17 17 0 0 8 14 0 0 0 11 0 0 0 0 0 0 35 0 6 32 41 21
38 25 0 49 3 18 41 28 0 14 22 0 30 9 0 0 0 3 23 0 36 36 0 10 4 0 2 35 48 0
0 0 25 9 49 24 48 35 41 0 7 27 2 4 34 11 3 0 29 0 0 44 0 0 0 49 38 1 0 0
37 0 0 0 7 31 27 0 39 38 5 0 21 0 46 0 23 29 0 12 31 0 0 32 5 0 46 0 0 0
30 0 18 0 0 0 0 21 15 32 0 0 30 42 0 0 0 0 12 0 25 44 0 18 0 0 24 21 12 2
29 16 0 8 0 28 38 0 8 9 45 30 7 34 36 0 36 0 31 25 0 27 23 5 25 30 0 0 0 2
0 19 0 39 32 11 28 25 2 36 0 4 0 0 36 0 36 44 0 44 27 0 0 31 3 0 43 8 39 16
33 16 38 3 0 45 46 17 0 42 8 10 41 31 0 0 0 0 0 0 23 0 0 0 0 12 33 0 0 0
38 24 27 0 0 0 0 0 20 0 0 0 0 22 0 0 10 0 32 18 5 31 0 0 15 49 0 0 26 0
38 43 0 3 0 29 31 0 0 7 33 7 6 0 5 35 4 0 5 0 25 3 0 15 0 25 0 12 0 30
0 0 21 0 0 41 28 47 0 0 0 4 38 25 1 0 0 49 0 0 30 0 12 49 25 0 42 31 44 40
0 6 31 42 26 6 0 0 0 26 0 0 0 0 32 6 2 38 46 24 0 43 33 0 0 42 0 18 0 14
42 0 16 0 10 45 0 0 22 32 19 18 24 32 16 32 35 1 0 21 0 8 0 0 12 31 18 0 0 11
0 27 8 18 0 0 31 37 0 0 0 0 35 40 18 41 48 0 0 12 0 39 0 26 0 44 0 0 0 27
2 0 36 0 1 43 0 0 10 0 1 0 0 0 0 21 0 0 0 2 2 16 0 0 30 40 14 11 27 0

