30

0 25 40 0 8 2 0 25 0 17 46 24 0 0 42 35 4 0 0 0 32 0 0 9 48 8 0 0 38 43
25 0 21 0 42 30 47 9 44 25 0 0 0 0 46 11 45 0 33 0 25 0 36 0 4 0 33 46 0 42
40 21 0 30 36 0 38 0 32 46 4 41 27 49 42 47 43 41 0 19 0 2 27 0 0 7 0 44 0 2
0 0 30 0 25 47 44 41 41 15 3 0 8 36 25 0 0 1 43 2 13 14 2 0 25 32 7 0 0 0
8 42 36 25 0 0 10 10 0 0 1 38 9 45 26 16 0 0 0 2 44 39 18 0 45 47 0 0 16 35
2 30 0 47 0 0 48 0 0 9 0 6 35 9 0 0 0 36 0 18 0 0 38 0 0 0 0 29 24 0
0 47 38 44 10 48 0 0 0 23 0 0 37 34 38 0 5 4 10 2 0 0 0 16 0 0 31 0 43 0
25 9 0 41 10 0 0 0 0 0 12 37 0 6 40 36 44 44 0 0 0 42 18 0 0 0 0 0 0 0
0 44 32 41 0 0 0 0 0 3 25 0 15 34 0 21 26 25 46 0 18 28 0 0 26 27 0 0 24 4
17 25 46 15 0 9 23 0 3 0 41 18 0 27 34 37 0 0 26 41 0 0 40 45 0 0 45 27 41 37
46 0 4 3 1 0 0 12 25 41 0 48 0 0 0 0 17 0 23 0 0 0 24 9 7 30 36 0 48 34
24 0 41 0 38 6 0 37 0 18 48 0 42 4 35 44 25 26 0 0 0 0 20 0 40 16 0 48 0 41
0 0 27 8 9 35 37 0 15 0 0 42 0 25 0 0 0 35 0 5 7 0 0 39 0 0 14 0 0 0
0 0 49 36 45 9 34 6 34 27 0 4 25 0 0 0 48 0 1 34 40 17 0 0 0 12 0 25 31 0
42 46 42 25 26 0 38 40 0 34 0 35 0 0 0 0 13 0 4 39 36 17 0 0 0 48 31 0 33 0
35 11 47 0 16 0 0 36 21 37 0 44 0 0 0 0 0 0 6 21 0 48 15 23 10 17 39 0 28 12
4 45 43 0 0 0 5 44 26 0 17 25 0 48 13 0 0 0 7 1 0 0 0 0 0 0 38 0 0 37
0 0 41 1 0 36 4 44 25 0 0 26 35 0 0 0 0 0 0 10 35 41 3 0 39 25 0 28 0 36
0 33 0 43 0 0 10 0 46 26 23 0 0 1 4 6 7 0 0 0 0 0 44 28 32 0 17 37 15 29
0 0 19 2 2 18 2 0 0 41 0 0 5 34 39 21 1 10 0 0 7 32 41 0 0 0 0 0 8 0
32 25 0 13 44 0 0 0 18 0 0 0 7 40 36 0 0 35 0 7 0 0 19 23 0 0 0 0 9 0
0 0 2 14 39 0 0 42 28 0 0 0 0 17 17 48 0 41 0 32 0 0 0 38 0 23 20 0 5 17
0 36 27 2 18 38 0 18 0 40 24 20 0 0 0 15 0 3 44 41 19 0 0 0 0 0 25 3 42 24
9 0 0 0 0 0 16 0 0 45 9 0 39 0 0 23 0 0 28 0 23 38 0 0 24 7 0 31 0 0
48 4 0 25 45 0 0 0 26 0 7 40 0 0 0 10 0 39 32 0 0 0 0 24 0 16 0 0 30 0
8 0 7 32 47 0 0 0 27 0 30 16 0 12 48 17 0 25 0 0 0 23 0 7 16 0 25 43 0 0
0 33 0 7 0 0 31 0 0 45 36 0 14 0 31 39 38 0 17 0 0 20 25 0 0 25 0 0 0 0
0 46 44 0 0 29 0 0 0 27 0 48 0 25 0 0 0 28 37 0 0 0 3 31 0 43 0 0 0 35
38 0 0 0 16 24 43 0 24 41 48 0 0 31 33 28 0 0 15 8 9 5 42 0 30 0 0 0 0 0
43 42 2 0 35 0 0 0 4 37 34 41 0 0 0 12 37 36 29 0 0 17 24 0 0 0 0 35 0 0

0 0 26 19 0 0 0 38 3 0 0 0 6 13 37 0 25 0 0 11 45 26 0 47 0 6 8 8 15 49
0 0 2 29 0 41 40 37 15 47 39 32 0 38 35 0 45 16 0 5 0 0 4 21 21 10 11 24 42 0
26 2 0 3 0 7 22 0 8 0 0 0 0 9 0 0 5 48 46 0 0 31 0 0 41 37 0 20 45 48
19 29 3 0 46 34 0 13 0 0 22 25 41 24 48 11 12 9 10 37 37 47 0 21 17 0 33 45 0 38
0 0 0 46 0 0 21 41 0 16 29 46 0 4 5 14 0 0 20 0 40 25 33 21 2 0 0 20 1 46
0 41 7 34 0 0 30 0 42 27 0 35 35 35 43 18 22 0 41 0 27 0 10 0 13 0 43 31 0 0
0 40 22 0 21 30 0 19 41 29 0 0 49 18 0 0 0 48 16 10 23 0 23 9 41 37 44 33 49 0
38 37 0 13 41 0 19 0 47 6 20 3 42 43 0 46 41 24 23 30 0 15 0 0 0 43 41 1 28 31
3 15 8 0 0 42 41 47 0 20 0 0 0 0 0 0 23 47 0 27 22 0 17 0 22 0 11 0 0 37
0 47 0 0 16 27 29 6 20 0 6 0 0 23 0 46 2 0 14 9 0 4 15 7 0 7 0 22 41 0
0 39 0 22 29 0 0 20 0 6 0 24 0 0 26 0 34 0 14 5 45 0 0 0 46 6 43 25 41 30
0 32 0 25 46 35 0 3 0 0 24 0 11 6 23 8 0 22 7 35 2 0 44 23 0 35 13 0 0 30
6 0 0 41 0 35 49 42 0 0 0 11 0 0 43 0 35 34 29 0 0 0 11 37 14 40 0 25 0 15
13 38 9 24 4 35 18 43 0 23 0 6 0 0 0 14 40 40 0 33 47 0 23 2 0 0 41 18 0 0
37 35 0 48 5 43 0 0 0 0 26 23 43 0 0 34 37 0 7 45 0 0 0 34 0 13 40 27 22 5
0 0 0 11 14 18 0 46 0 46 0 8 0 14 34 0 48 36 6 14 0 39 0 28 42 0 26 7 0 9
25 45 5 12 0 22 0 41 23 2 34 0 35 40 37 48 0 0 7 32 16 28 46 0 32 0 1 46 0 0
0 16 48 9 0 0 48 24 47 0 0 22 34 40 0 36 0 0 43 0 0 0 30 7 0 39 38 36 13 33
0 0 46 10 20 41 16 23 0 14 14 7 29 0 7 6 7 43 0 0 22 13 48 47 19 0 42 0 0 31
11 5 0 37 0 0 10 30 27 9 5 35 0 33 45 14 32 0 0 0 0 45 9 48 0 15 0 45 0 37
45 0 0 37 40 27 23 0 22 0 45 2 0 47 0 0 16 0 22 0 0 0 0 0 31 0 0 30 0 28
26 0 31 47 25 0 0 15 0 4 0 0 0 0 0 39 28 0 13 45 0 0 15 49 0 21 8 0 0 0
0 4 0 0 33 10 23 0 17 15 0 44 11 23 0 0 46 30 48 9 0 15 0 42 21 46 5 0 43 49
47 21 0 21 21 0 9 0 0 7 0 23 37 2 34 28 0 7 47 48 0 49 42 0 21 0 0 0 40 0
0 21 41 17 2 13 41 0 22 0 46 0 14 0 0 42 32 0 19 0 31 0 21 21 0 13 0 26 25 0
6 10 37 0 0 0 37 43 0 7 6 35 40 0 13 0 0 39 0 15 0 21 46 0 13 0 0 35 19 29
8 11 0 33 0 43 44 41 11 0 43 13 0 41 40 26 1 38 42 0 0 8 5 0 0 0 0 0 16 4
8 24 20 45 20 31 33 1 0 22 25 0 25 18 27 7 46 36 0 45 30 0 0 0 26 35 0 0 1 0
15 42 45 0 1 0 49 28 0 41 41 0 0 0 22 0 0 13 0 0 0 0 43 40 25 19 16 1 0 42
49 0 48 38 46 0 0 31 37 0 30 30 15 0 5 9 0 33 31 37 28 0 49 0 0 29 4 0 42 0

