30

0 20 0 0 0 0 36 17 30 41 49 0 18 0 0 39 10 49 45 0 23 27 16 10 0 15 35 0 26 40
20 0 18 49 0 21 0 0 0 42 15 5 7 11 39 46 0 40 32 0 20 0 25 0 13 44 8 0 5 0
0 18 0 25 0 21 0 19 16 0 0 8 49 40 0 30 33 4 10 8 0 26 10 0 0 0 40 21 0 41
0 49 25 0 34 0 42 0 26 11 11 0 16 38 0 0 0 0 0 0 0 1 4 12 7 14 14 26 21 0
0 0 0 34 0 35 35 0 47 25 33 0 34 1 0 26 8 9 15 6 16 1 33 0 0 29 18 0 33 10
0 21 21 0 35 0 2 0 0 36 28 4 0 0 35 0 44 6 27 0 0 0 19 2 0 6 1 0 48 37
36 0 0 42 35 2 0 0 27 0 7 0 0 0 0 40 46 0 36 41 31 13 0 6 1 0 0 0 26 7
17 0 19 0 0 0 0 0 0 12 13 2 20 0 44 29 5 28 0 17 2 20 0 0 0 8 38 0 23 0
30 0 16 26 47 0 27 0 0 32 0 5 25 35 0 0 0 1 3 0 19 3 0 32 15 27 0 39 37 11
41 42 0 11 25 36 0 12 32 0 0 0 0 7 0 15 0 22 5 48 0 41 25 0 31 0 4 7 26 0
49 15 0 11 33 28 7 13 0 0 0 0 29 10 0 0 0 28 0 0 14 23 4 37 49 0 26 39 0 0
0 5 8 0 0 4 0 2 5 0 0 0 38 46 43 0 22 0 0 6 7 0 12 14 40 38 0 0 0 0
18 7 49 16 34 0 0 20 25 0 29 38 0 37 0 39 0 0 19 29 0 0 9 29 0 0 0 27 0 15
0 11 40 38 1 0 0 0 35 7 10 46 37 0 3 38 38 37 0 0 48 27 0 33 0 0 9 0 0 40
0 39 0 0 0 35 0 44 0 0 0 43 0 3 0 35 38 15 0 6 0 0 0 11 10 0 0 22 24 0
39 46 30 0 26 0 40 29 0 15 0 0 39 38 35 0 42 6 0 36 9 35 43 5 46 10 4 42 0 4
10 0 33 0 8 44 46 5 0 0 0 22 0 38 38 42 0 23 17 0 18 0 42 0 0 3 0 45 0 26
49 40 4 0 9 6 0 28 1 22 28 0 0 37 15 6 23 0 0 16 0 41 17 47 0 39 2 42 22 9
45 32 10 0 15 27 36 0 3 5 0 0 19 0 0 0 17 0 0 4 10 8 0 35 13 16 42 0 17 0
0 0 8 0 6 0 41 17 0 48 0 6 29 0 6 36 0 16 4 0 0 39 18 0 10 0 0 0 0 13
23 20 0 0 16 0 31 2 19 0 14 7 0 48 0 9 18 0 10 0 0 0 35 24 22 8 3 7 22 0
27 0 26 1 1 0 13 20 3 41 23 0 0 27 0 35 0 41 8 39 0 0 37 0 0 0 25 42 16 26
16 25 10 4 33 19 0 0 0 25 4 12 9 0 0 43 42 17 0 18 35 37 0 13 0 0 49 0 18 42
10 0 0 12 0 2 6 0 32 0 37 14 29 33 11 5 0 47 35 0 24 0 13 0 32 16 0 0 22 0
0 13 0 7 0 0 1 0 15 31 49 40 0 0 10 46 0 0 13 10 22 0 0 32 0 0 0 0 12 0
15 44 0 14 29 6 0 8 27 0 0 38 0 0 0 10 3 39 16 0 8 0 0 16 0 0 0 0 49 33
35 8 40 14 18 1 0 38 0 4 26 0 0 9 0 4 0 2 42 0 3 25 49 0 0 0 0 0 29 17
0 0 21 26 0 0 0 0 39 7 39 0 27 0 22 42 45 42 0 0 7 42 0 0 0 0 0 0 0 18
26 5 0 21 33 48 26 23 37 26 0 0 0 0 24 0 0 22 17 0 22 16 18 22 12 49 29 0 0 0
40 0 41 0 10 37 7 0 11 0 0 0 15 40 0 4 26 9 0 13 0 26 42 0 0 33 17 18 0 0

0 35 0 46 0 45 41 0 0 24 0 31 3 19 24 0 0 24 12 44 2 25 0 38 3 24 39 0 49 3
35 0 0 0 0 0 26 0 0 0 0 40 3 38 48 45 0 3 0 30 18 0 0 0 0 0 0 48 16 46
0 0 0 0 0 0 39 0 0 5 2 16 1 0 6 2 0 46 19 43 6 45 33 15 0 42 0 29 23 0
46 0 0 0 11 34 0 2 16 39 0 0 0 42 24 0 1 9 0 0 12 11 0 9 2 0 0 0 0 3
0 0 0 11 0 0 0 34 0 12 36 33 0 0 6 30 0 44 0 9 0 49 0 38 44 5 0 26 0 28
45 0 0 34 0 0 18 0 32 0 0 0 11 0 38 6 37 12 33 10 0 0 33 48 0 48 0 0 27 48
41 26 39 0 0 18 0 22 14 16 0 43 38 7 7 0 0 0 11 8 43 0 0 47 28 28 38 12 31 35
0 0 0 2 34 0 22 0 0 2 38 48 0 0 0 35 0 0 0 0 0 4 18 0 38 0 38 0 0 0
0 0 0 16 0 32 14 0 0 0 12 33 25 35 16 2 0 0 0 0 0 0 0 0 22 8 0 35 36 26
24 0 5 39 12 0 16 2 0 0 24 41 0 0 0 26 0 34 0 0 7 0 31 44 35 26 0 23 30 8
0 0 2 0 36 0 0 38 12 24 0 7 11 21 0 0 24 0 0 19 0 44 17 0 0 0 15 33 25 32
31 40 16 0 33 0 43 48 33 41 7 0 0 17 6 0 0 22 34 0 3 17 0 0 0 0 16 45 0 24
3 3 1 0 0 11 38 0 25 0 11 0 0 0 0 0 0 0 0 7 18 0 1 39 45 0 0 0 49 0
19 38 0 42 0 0 7 0 35 0 21 17 0 0 0 0 0 48 44 44 22 2 48 0 7 38 0 0 32 14
24 48 6 24 6 38 7 0 16 0 0 6 0 0 0 0 22 0 47 0 0 15 0 43 47 28 0 0 0 2
0 45 2 0 30 6 0 35 2 26 0 0 0 0 0 0 22 0 5 0 0 0 24 31 19 45 24 23 0 0
0 0 0 1 0 37 0 0 0 0 24 0 0 0 22 22 0 27 0 0 32 2 32 30 23 0 38 7 11 0
24 3 46 9 44 12 0 0 0 34 0 22 0 48 0 0 27 0 21 0 0 0 0 0 47 0 0 0 0 0
12 0 19 0 0 33 11 0 0 0 0 34 0 44 47 5 0 21 0 8 0 0 0 0 36 28 0 49 0 24
44 30 43 0 9 10 8 0 0 0 19 0 7 44 0 0 0 0 8 0 0 0 0 49 0 0 0 0 0 0
2 18 6 12 0 0 43 0 0 7 0 3 18 22 0 0 32 0 0 0 0 0 0 0 34 42 0 18 0 0
25 0 45 11 49 0 0 4 0 0 44 17 0 2 15 0 2 0 0 0 0 0 0 9 44 0 1 0 0 27
0 0 33 0 0 33 0 18 0 31 17 0 1 48 0 24 32 0 0 0 0 0 0 10 37 0 30 33 44 36
38 0 15 9 38 48 47 0 0 44 0 0 39 0 43 31 30 0 0 49 0 9 10 0 0 29 47 31 0 0
3 0 0 2 44 0 28 38 22 35 0 0 45 7 47 19 23 47 36 0 34 44 37 0 0 0 48 43 18 0
24 0 42 0 5 48 28 0 8 26 0 0 0 38 28 45 0 0 28 0 42 0 0 29 0 0 0 3 9 30
39 0 0 0 0 0 38 38 0 0 15 16 0 0 0 24 38 0 0 0 0 1 30 47 48 0 0 36 0 0
0 48 29 0 26 0 12 0 35 23 33 45 0 0 0 23 7 0 49 0 18 0 33 31 43 3 36 0 0 12
49 16 23 0 0 27 31 0 36 30 25 0 49 32 0 0 11 0 0 0 0 0 44 0 18 9 0 0 0 22
3 46 0 3 28 48 35 0 26 8 32 24 0 14 2 0 0 0 24 0 0 27 36 0 0 30 0 12 22 0

