30

0 0 17 0 14 46 0 0 3 21 0 0 42 21 0 8 4 0 19 20 31 0 46 35 44 0 0 9 26 44
0 0 25 0 43 0 43 16 32 4 33 8 3 0 29 0 7 27 46 39 0 6 0 40 0 0 0 17 44 11
17 25 0 8 37 0 0 8 0 30 0 28 0 0 13 0 21 45 5 0 2 0 11 49 0 35 0 0 0 9
0 0 8 0 0 49 32 0 0 4 0 3 0 0 27 17 18 30 0 25 26 0 30 40 0 0 0 1 0 46
14 43 37 0 0 36 5 0 32 0 24 13 39 13 0 49 32 3 0 0 0 37 19 46 0 43 18 47 46 0
46 0 0 49 36 0 0 9 0 48 0 12 23 0 6 33 39 48 7 22 0 11 24 0 47 0 21 0 25 0
0 43 0 32 5 0 0 35 0 45 24 20 20 0 1 0 0 0 0 45 0 20 20 0 0 12 0 20 49 34
0 16 8 0 0 9 35 0 45 0 46 3 11 0 0 29 48 10 0 0 16 0 0 0 24 0 10 0 0 22
3 32 0 0 32 0 0 45 0 23 27 0 0 17 0 10 24 44 42 3 11 0 19 0 6 0 11 1 0 0
21 4 30 4 0 48 45 0 23 0 27 46 0 8 18 9 0 31 0 0 0 18 42 3 4 25 37 32 0 29
0 33 0 0 24 0 24 46 27 27 0 26 34 0 22 46 0 10 0 46 32 3 22 46 23 35 41 31 0 0
0 8 28 3 13 12 20 3 0 46 26 0 15 0 36 18 35 0 31 14 8 0 47 0 10 42 13 48 23 0
42 3 0 0 39 23 20 11 0 0 34 15 0 46 4 31 3 33 0 0 11 0 0 0 44 29 38 0 0 0
21 0 0 0 13 0 0 0 17 8 0 0 46 0 32 29 40 9 0 43 36 0 15 43 39 0 0 21 0 35
0 29 13 27 0 6 1 0 0 18 22 36 4 32 0 0 39 37 38 0 0 0 0 0 39 4 15 24 0 0
8 0 0 17 49 33 0 29 10 9 46 18 31 29 0 0 15 40 9 0 34 19 0 37 24 32 0 0 0 18
4 7 21 18 32 39 0 48 24 0 0 35 3 40 39 15 0 8 3 3 1 0 17 9 48 26 23 0 44 28
0 27 45 30 3 48 0 10 44 31 10 0 33 9 37 40 8 0 30 14 12 15 0 34 10 15 25 27 13 11
19 46 5 0 0 7 0 0 42 0 0 31 0 0 38 9 3 30 0 0 0 26 12 10 0 0 0 0 22 49
20 39 0 25 0 22 45 0 3 0 46 14 0 43 0 0 3 14 0 0 0 35 47 0 0 26 0 25 9 25
31 0 2 26 0 0 0 16 11 0 32 8 11 36 0 34 1 12 0 0 0 5 0 0 0 8 8 41 0 0
0 6 0 0 37 11 20 0 0 18 3 0 0 0 0 19 0 15 26 35 5 0 0 37 0 0 2 0 0 48
46 0 11 30 19 24 20 0 19 42 22 47 0 15 0 0 17 0 12 47 0 0 0 30 0 0 37 22 0 0
35 40 49 40 46 0 0 0 0 3 46 0 0 43 0 37 9 34 10 0 0 37 30 0 0 28 12 0 15 34
44 0 0 0 0 47 0 24 6 4 23 10 44 39 39 24 48 10 0 0 0 0 0 0 0 0 38 0 0 0
0 0 35 0 43 0 12 0 0 25 35 42 29 0 4 32 26 15 0 26 8 0 0 28 0 0 0 47 42 0
0 0 0 0 18 21 0 10 11 37 41 13 38 0 15 0 23 25 0 0 8 2 37 12 38 0 0 13 25 12
9 17 0 1 47 0 20 0 1 32 31 48 0 21 24 0 0 27 0 25 41 0 22 0 0 47 13 0 8 0
26 44 0 0 46 25 49 0 0 0 0 23 0 0 0 0 44 13 22 9 0 0 0 15 0 42 25 8 0 27
44 11 9 46 0 0 34 22 0 29 0 0 0 35 0 18 28 11 49 25 0 48 0 34 0 0 12 0 27 0

0 40 0 0 5 0 34 34 0 0 16 0 41 45 27 0 27 42 0 16 0 3 0 0 0 0 29 34 0 0
40 0 0 0 22 14 23 0 27 32 20 39 39 46 0 0 9 0 0 0 1 45 0 6 24 42 38 0 0 48
0 0 0 0 41 0 33 23 0 0 0 21 0 0 12 46 7 22 30 41 0 0 0 20 13 26 0 0 0 40
0 0 0 0 0 28 0 0 19 0 0 0 0 36 0 27 45 29 0 28 0 16 39 24 34 11 20 0 48 0
5 22 41 0 0 13 0 3 0 43 49 0 0 0 0 20 0 2 23 26 10 16 0 49 30 0 43 0 29 0
0 14 0 28 13 0 10 0 0 9 0 0 8 8 44 11 0 14 34 11 48 0 0 0 48 46 29 0 2 40
34 23 33 0 0 10 0 13 0 47 0 0 12 40 7 36 0 0 0 7 0 7 0 43 23 6 46 22 0 3
34 0 23 0 3 0 13 0 0 45 48 43 21 12 6 0 0 8 30 0 37 0 45 14 5 1 8 0 32 0
0 27 0 19 0 0 0 0 0 36 0 0 0 0 48 11 25 0 48 14 6 4 40 0 0 0 19 39 32 4
0 32 0 0 43 9 47 45 36 0 10 13 0 0 8 0 5 0 0 0 23 0 0 0 14 12 0 15 13 0
16 20 0 0 49 0 0 48 0 10 0 4 22 15 0 0 0 33 6 20 25 11 3 30 0 1 0 3 0 25
0 39 21 0 0 0 0 43 0 13 4 0 23 41 0 32 0 0 0 42 0 0 0 0 22 0 0 16 25 23
41 39 0 0 0 8 12 21 0 0 22 23 0 0 42 0 43 22 22 4 27 49 36 0 23 11 0 24 38 37
45 46 0 36 0 8 40 12 0 0 15 41 0 0 10 3 39 0 30 0 13 0 11 0 0 19 32 0 22 0
27 0 12 0 0 44 7 6 48 8 0 0 42 10 0 41 0 0 48 0 0 30 0 4 30 0 0 0 42 7
0 0 46 27 20 11 36 0 11 0 0 32 0 3 41 0 44 29 18 12 46 44 47 12 0 23 21 25 32 0
27 9 7 45 0 0 0 0 25 5 0 0 43 39 0 44 0 48 29 37 3 26 14 40 0 31 47 0 37 15
42 0 22 29 2 14 0 8 0 0 33 0 22 0 0 29 48 0 0 0 31 49 16 8 37 0 26 0 44 0
0 0 30 0 23 34 0 30 48 0 6 0 22 30 48 18 29 0 0 0 8 16 26 9 0 2 47 0 0 0
16 0 41 28 26 11 7 0 14 0 20 42 4 0 0 12 37 0 0 0 0 2 40 16 0 32 0 0 0 0
0 1 0 0 10 48 0 37 6 23 25 0 27 13 0 46 3 31 8 0 0 3 15 0 0 18 0 13 8 30
3 45 0 16 16 0 7 0 4 0 11 0 49 0 30 44 26 49 16 2 3 0 38 41 18 15 14 45 4 9
0 0 0 39 0 0 0 45 40 0 3 0 36 11 0 47 14 16 26 40 15 38 0 0 10 8 0 0 0 18
0 6 20 24 49 0 43 14 0 0 30 0 0 0 4 12 40 8 9 16 0 41 0 0 40 19 28 0 0 40
0 24 13 34 30 48 23 5 0 14 0 22 23 0 30 0 0 37 0 0 0 18 10 40 0 0 27 0 0 11
0 42 26 11 0 46 6 1 0 12 1 0 11 19 0 23 31 0 2 32 18 15 8 19 0 0 40 48 0 8
29 38 0 20 43 29 46 8 19 0 0 0 0 32 0 21 47 26 47 0 0 14 0 28 27 40 0 9 16 47
34 0 0 0 0 0 22 0 39 15 3 16 24 0 0 25 0 0 0 0 13 45 0 0 0 48 9 0 6 0
0 0 0 48 29 2 0 32 32 13 0 25 38 22 42 32 37 44 0 0 8 4 0 0 0 0 16 6 0 0
0 48 40 0 0 40 3 0 4 0 25 23 37 0 7 0 15 0 0 0 30 9 18 40 11 8 47 0 0 0

