30

0 0 0 44 41 24 8 0 28 44 21 0 14 0 33 3 0 25 39 3 42 29 0 0 0 0 0 42 1 28
0 0 0 26 42 39 16 26 3 5 15 18 0 17 20 0 0 47 25 0 20 0 1 47 0 49 25 27 0 0
0 0 0 0 0 0 11 0 0 35 4 0 0 9 0 23 46 36 45 1 11 0 21 0 0 46 0 0 1 0
44 26 0 0 0 0 43 43 17 29 0 0 0 11 36 0 0 0 20 17 36 0 0 0 0 36 35 46 19 6
41 42 0 0 0 37 0 0 0 0 37 18 0 10 18 44 0 0 0 0 0 0 0 41 0 0 0 0 44 19
24 39 0 0 37 0 7 17 25 35 8 0 24 32 0 40 32 6 0 44 0 0 0 0 0 0 14 23 46 25
8 16 11 43 0 7 0 9 8 0 1 32 13 0 12 0 0 32 0 35 8 21 45 8 47 0 36 0 24 13
0 26 0 43 0 17 9 0 0 49 0 0 33 44 8 0 0 35 0 0 0 0 0 43 35 33 23 25 13 1
28 3 0 17 0 25 8 0 0 0 9 17 0 3 37 15 28 1 4 0 19 27 0 9 14 22 0 0 29 0
44 5 35 29 0 35 0 49 0 0 48 34 17 24 0 0 23 0 0 0 21 0 0 45 28 19 0 41 0 15
21 15 4 0 37 8 1 0 9 48 0 3 0 3 0 24 1 27 42 28 31 0 0 0 47 0 35 0 5 32
0 18 0 0 18 0 32 0 17 34 3 0 46 0 0 10 0 0 15 0 20 0 0 47 0 44 39 0 0 4
14 0 0 0 0 24 13 33 0 17 0 46 0 0 20 30 41 0 0 21 5 49 26 8 0 0 25 0 15 0
0 17 9 11 10 32 0 44 3 24 3 0 0 0 17 19 13 0 0 33 24 49 21 0 0 27 8 0 0 0
33 20 0 36 18 0 12 8 37 0 0 0 20 17 0 0 0 0 0 19 25 9 0 0 33 16 46 24 8 24
3 0 23 0 44 40 0 0 15 0 24 10 30 19 0 0 6 0 47 0 26 0 49 0 0 37 0 21 23 32
0 0 46 0 0 32 0 0 28 23 1 0 41 13 0 6 0 5 19 35 5 0 32 36 22 0 41 33 32 31
25 47 36 0 0 6 32 35 1 0 27 0 0 0 0 0 5 0 29 0 23 17 20 0 34 0 0 0 7 0
39 25 45 20 0 0 0 0 4 0 42 15 0 0 0 47 19 29 0 0 12 0 18 0 36 0 27 33 0 0
3 0 1 17 0 44 35 0 0 0 28 0 21 33 19 0 35 0 0 0 21 21 19 29 22 38 21 0 0 0
42 20 11 36 0 0 8 0 19 21 31 20 5 24 25 26 5 23 12 21 0 3 48 0 20 44 0 0 0 0
29 0 0 0 0 0 21 0 27 0 0 0 49 49 9 0 0 17 0 21 3 0 43 7 25 48 0 21 37 30
0 1 21 0 0 0 45 0 0 0 0 0 26 21 0 49 32 20 18 19 48 43 0 0 42 34 25 44 0 25
0 47 0 0 41 0 8 43 9 45 0 47 8 0 0 0 36 0 0 29 0 7 0 0 46 0 0 4 0 16
0 0 0 0 0 0 47 35 14 28 47 0 0 0 33 0 22 34 36 22 20 25 42 46 0 0 0 0 4 0
0 49 46 36 0 0 0 33 22 19 0 44 0 27 16 37 0 0 0 38 44 48 34 0 0 0 0 18 3 27
0 25 0 35 0 14 36 23 0 0 35 39 25 8 46 0 41 0 27 21 0 0 25 0 0 0 0 0 11 15
42 27 0 46 0 23 0 25 0 41 0 0 0 0 24 21 33 0 33 0 0 21 44 4 0 18 0 0 48 0
1 0 1 19 44 46 24 13 29 0 5 0 15 0 8 23 32 7 0 0 0 37 0 0 4 3 11 48 0 0
28 0 0 6 19 25 13 1 0 15 32 4 0 0 24 32 31 0 0 0 0 30 25 16 0 27 15 0 0 0

0 43 31 0 2 28 40 19 0 42 46 0 11 0 41 10 37 6 12 0 49 4 48 0 0 0 0 0 0 0
43 0 0 0 0 11 0 0 5 11 36 34 0 0 5 27 7 3 38 40 44 21 31 8 0 8 43 34 47 0
31 0 0 41 0 0 14 23 44 25 31 0 10 11 37 5 0 9 21 0 0 0 0 28 0 0 34 4 17 0
0 0 41 0 0 13 31 0 7 48 10 23 18 27 0 27 34 35 0 0 0 16 0 0 0 0 0 34 0 13
2 0 0 0 0 32 4 0 27 0 0 0 44 43 0 40 27 0 0 41 10 22 0 34 0 33 19 37 49 9
28 11 0 13 32 0 0 14 0 0 0 12 2 0 37 0 0 24 0 38 23 26 9 0 0 41 2 38 0 0
40 0 14 31 4 0 0 5 38 38 42 39 13 48 28 38 6 9 3 0 0 0 33 33 0 0 42 0 0 0
19 0 23 0 0 14 5 0 7 0 11 37 0 0 10 18 0 28 0 0 26 0 0 2 0 20 6 47 33 33
0 5 44 7 27 0 38 7 0 7 0 0 0 0 47 4 0 0 13 7 0 0 0 0 0 13 0 24 0 42
42 11 25 48 0 0 38 0 7 0 48 0 0 49 0 35 45 6 46 0 0 0 42 0 39 47 0 31 5 49
46 36 31 10 0 0 42 11 0 48 0 45 34 46 0 17 6 5 0 34 0 39 0 0 0 0 1 15 21 0
0 34 0 23 0 12 39 37 0 0 45 0 0 0 0 0 0 17 20 16 35 0 0 12 0 0 25 1 0 35
11 0 10 18 44 2 13 0 0 0 34 0 0 0 40 0 11 0 36 1 0 37 5 38 0 33 40 25 7 43
0 0 11 27 43 0 48 0 0 49 46 0 0 0 16 0 21 10 0 0 42 23 40 0 8 36 44 0 10 0
41 5 37 0 0 37 28 10 47 0 0 0 40 16 0 0 0 3 0 0 25 0 0 0 29 18 26 0 13 32
10 27 5 27 40 0 38 18 4 35 17 0 0 0 0 0 0 36 6 0 1 1 7 13 0 2 39 0 0 0
37 7 0 34 27 0 6 0 0 45 6 0 11 21 0 0 0 18 33 27 31 0 0 0 0 19 0 35 29 0
6 3 9 35 0 24 9 28 0 6 5 17 0 10 3 36 18 0 0 0 23 19 42 21 19 0 24 0 29 45
12 38 21 0 0 0 3 0 13 46 0 20 36 0 0 6 33 0 0 0 44 0 38 0 33 32 36 29 0 28
0 40 0 0 41 38 0 0 7 0 34 16 1 0 0 0 27 0 0 0 13 0 30 27 18 0 40 29 0 48
49 44 0 0 10 23 0 26 0 0 0 35 0 42 25 1 31 23 44 13 0 0 36 47 0 27 0 0 0 0
4 21 0 16 22 26 0 0 0 0 39 0 37 23 0 1 0 19 0 0 0 0 0 41 47 33 0 0 32 0
48 31 0 0 0 9 33 0 0 42 0 0 5 40 0 7 0 42 38 30 36 0 0 0 5 28 30 0 8 0
0 8 28 0 34 0 33 2 0 0 0 12 38 0 0 13 0 21 0 27 47 41 0 0 45 44 34 0 26 0
0 0 0 0 0 0 0 0 0 39 0 0 0 8 29 0 0 19 33 18 0 47 5 45 0 19 0 4 0 49
0 8 0 0 33 41 0 20 13 47 0 0 33 36 18 2 19 0 32 0 27 33 28 44 19 0 7 16 23 43
0 43 34 0 19 2 42 6 0 0 1 25 40 44 26 39 0 24 36 40 0 0 30 34 0 7 0 0 0 0
0 34 4 34 37 38 0 47 24 31 15 1 25 0 0 0 35 0 29 29 0 0 0 0 4 16 0 0 11 0
0 47 17 0 49 0 0 33 0 5 21 0 7 10 13 0 29 29 0 0 0 32 8 26 0 23 0 11 0 48
0 0 0 13 9 0 0 33 42 49 0 35 43 0 32 0 0 45 28 48 0 0 0 0 49 43 0 0 48 0

