30

0 29 11 33 28 0 0 0 42 42 41 1 4 0 29 23 0 17 0 0 32 28 43 16 0 22 15 33 0 25
29 0 3 0 0 0 32 17 18 0 0 26 33 0 8 0 13 14 0 0 33 15 49 22 32 0 0 6 0 0
11 3 0 0 29 0 9 11 0 32 0 0 37 0 36 0 0 0 47 46 0 21 22 0 7 49 0 10 42 0
33 0 0 0 7 38 30 8 2 32 17 34 49 0 3 12 26 0 20 0 0 40 0 40 30 0 48 0 0 0
28 0 29 7 0 25 7 0 37 44 30 2 0 6 5 0 48 0 46 0 0 31 40 39 36 0 4 0 0 48
0 0 0 38 25 0 2 0 30 0 0 0 47 0 0 0 0 0 37 34 0 27 3 2 25 15 43 0 40 0
0 32 9 30 7 2 0 34 0 0 47 0 12 0 16 0 18 0 16 0 0 7 32 1 41 41 26 0 44 14
0 17 11 8 0 0 34 0 27 9 0 7 35 38 25 38 34 18 0 39 11 0 12 49 4 21 14 49 0 0
42 18 0 2 37 30 0 27 0 0 22 33 0 0 30 0 0 25 0 33 0 36 36 0 0 18 47 0 0 14
42 0 32 32 44 0 0 9 0 0 40 0 19 34 0 6 0 26 49 27 47 0 0 0 0 29 0 19 0 0
41 0 0 17 30 0 47 0 22 40 0 0 11 7 0 0 4 3 39 21 43 39 25 0 0 0 17 0 23 3
1 26 0 34 2 0 0 7 33 0 0 0 47 41 25 20 0 2 15 23 0 26 0 0 28 0 43 0 0 32
4 33 37 49 0 47 12 35 0 19 11 47 0 39 0 39 0 0 0 0 0 19 3 32 0 35 0 0 0 36
0 0 0 0 6 0 0 38 0 34 7 41 39 0 0 0 0 0 6 36 0 2 34 0 30 0 43 36 0 7
29 8 36 3 5 0 16 25 30 0 0 25 0 0 0 0 6 49 0 27 30 17 0 0 32 0 32 29 13 0
23 0 0 12 0 0 0 38 0 6 0 20 39 0 0 0 0 21 36 34 0 48 0 41 27 20 13 24 0 0
0 13 0 26 48 0 18 34 0 0 4 0 0 0 6 0 0 15 34 0 9 0 5 33 0 1 0 0 32 0
17 14 0 0 0 0 0 18 25 26 3 2 0 0 49 21 15 0 0 0 28 29 31 21 7 0 0 0 0 0
0 0 47 20 46 37 16 0 0 49 39 15 0 6 0 36 34 0 0 0 0 2 0 39 0 29 24 24 45 40
0 0 46 0 0 34 0 39 33 27 21 23 0 36 27 34 0 0 0 0 47 0 22 0 30 27 0 0 40 20
32 33 0 0 0 0 0 11 0 47 43 0 0 0 30 0 9 28 0 47 0 0 0 0 0 0 0 25 23 0
28 15 21 40 31 27 7 0 36 0 39 26 19 2 17 48 0 29 2 0 0 0 2 0 19 0 35 0 32 37
43 49 22 0 40 3 32 12 36 0 25 0 3 34 0 0 5 31 0 22 0 2 0 3 26 0 0 0 0 28
16 22 0 40 39 2 1 49 0 0 0 0 32 0 0 41 33 21 39 0 0 0 3 0 0 13 17 0 47 44
0 32 7 30 36 25 41 4 0 0 0 28 0 30 32 27 0 7 0 30 0 19 26 0 0 0 46 0 41 0
22 0 49 0 0 15 41 21 18 29 0 0 35 0 0 20 1 0 29 27 0 0 0 13 0 0 0 0 0 0
15 0 0 48 4 43 26 14 47 0 17 43 0 43 32 13 0 0 24 0 0 35 0 17 46 0 0 44 34 0
33 6 10 0 0 0 0 49 0 19 0 0 0 36 29 24 0 0 24 0 25 0 0 0 0 0 44 0 18 0
0 0 42 0 0 40 44 0 0 0 23 0 0 0 13 0 32 0 45 40 23 32 0 47 41 0 34 18 0 4
25 0 0 0 48 0 14 0 14 0 3 32 36 7 0 0 0 0 40 20 0 37 28 44 0 0 0 0 4 0

0 0 17 0 0 0 26 0 0 0 42 43 33 2 25 32 0 49 21 9 1 39 0 0 0 24 38 49 42 0
0 0 40 0 0 20 48 14 0 43 0 36 0 17 13 16 0 19 0 27 15 10 40 23 3 0 6 0 47 15
17 40 0 0 0 32 0 0 12 23 6 0 0 46 0 0 26 42 4 0 0 16 7 29 0 7 0 0 0 43
0 0 0 0 17 8 25 26 40 8 0 0 25 44 45 0 4 0 0 37 4 24 3 4 35 22 0 6 9 26
0 0 0 17 0 27 2 0 8 4 34 0 0 16 0 17 32 0 31 8 34 43 0 24 0 21 0 0 0 30
0 20 32 8 27 0 28 28 0 44 15 0 43 0 0 0 36 26 30 2 0 0 5 7 28 39 0 0 0 0
26 48 0 25 2 28 0 0 28 31 13 35 15 23 13 41 25 48 31 27 46 23 0 24 14 0 21 0 25 0
0 14 0 26 0 28 0 0 25 0 22 33 8 41 43 34 0 18 0 26 0 25 0 0 0 42 0 20 14 0
0 0 12 40 8 0 28 25 0 0 0 0 17 22 14 0 42 14 6 16 44 49 0 5 20 47 0 6 0 42
0 43 23 8 4 44 31 0 0 0 32 48 0 0 0 0 7 1 13 21 0 26 0 19 0 38 0 0 0 48
42 0 6 0 34 15 13 22 0 32 0 46 31 0 21 45 47 0 41 0 0 0 39 0 33 0 39 0 39 0
43 36 0 0 0 0 35 33 0 48 46 0 0 38 31 0 0 36 37 12 13 0 18 0 15 18 19 0 0 0
33 0 0 25 0 43 15 8 17 0 31 0 0 44 2 8 0 38 0 12 0 0 21 37 0 18 47 0 30 40
2 17 46 44 16 0 23 41 22 0 0 38 44 0 8 16 0 34 0 6 0 17 26 35 47 0 18 11 12 0
25 13 0 45 0 0 13 43 14 0 21 31 2 8 0 18 0 0 30 0 0 20 40 0 0 30 17 0 46 8
32 16 0 0 17 0 41 34 0 0 45 0 8 16 18 0 0 8 39 33 0 0 47 35 18 0 0 38 0 0
0 0 26 4 32 36 25 0 42 7 47 0 0 0 0 0 0 0 18 0 27 37 36 45 0 28 20 0 37 29
49 19 42 0 0 26 48 18 14 1 0 36 38 34 0 8 0 0 4 0 30 39 44 0 0 7 41 46 0 42
21 0 4 0 31 30 31 0 6 13 41 37 0 0 30 39 18 4 0 21 3 12 18 0 33 0 20 29 0 0
9 27 0 37 8 2 27 26 16 21 0 12 12 6 0 33 0 0 21 0 0 0 41 47 15 24 0 22 15 16
1 15 0 4 34 0 46 0 44 0 0 13 0 0 0 0 27 30 3 0 0 0 17 23 27 11 5 29 9 0
39 10 16 24 43 0 23 25 49 26 0 0 0 17 20 0 37 39 12 0 0 0 0 0 0 9 0 20 14 36
0 40 7 3 0 5 0 0 0 0 39 18 21 26 40 47 36 44 18 41 17 0 0 14 15 0 37 0 8 0
0 23 29 4 24 7 24 0 5 19 0 0 37 35 0 35 45 0 0 47 23 0 14 0 5 20 41 0 16 9
0 3 0 35 0 28 14 0 20 0 33 15 0 47 0 18 0 0 33 15 27 0 15 5 0 0 0 0 0 42
24 0 7 22 21 39 0 42 47 38 0 18 18 0 30 0 28 7 0 24 11 9 0 20 0 0 0 32 45 29
38 6 0 0 0 0 21 0 0 0 39 19 47 18 17 0 20 41 20 0 5 0 37 41 0 0 0 0 0 0
49 0 0 6 0 0 0 20 6 0 0 0 0 11 0 38 0 46 29 22 29 20 0 0 0 32 0 0 19 29
42 47 0 9 0 0 25 14 0 0 39 0 30 12 46 0 37 0 0 15 9 14 8 16 0 45 0 19 0 0
0 15 43 26 30 0 0 0 42 48 0 0 40 0 8 0 29 42 0 16 0 36 0 9 42 29 0 29 0 0

