30

0 0 0 48 0 35 44 0 0 22 0 0 0 0 0 46 11 0 26 6 0 8 44 0 0 46 0 0 0 4
0 0 0 25 10 0 3 0 0 19 31 0 3 0 35 33 13 0 32 18 0 0 0 0 4 0 36 37 0 14
0 0 0 0 0 0 23 0 0 26 0 0 37 22 0 49 0 0 34 1 0 0 0 0 0 0 48 4 15 46
48 25 0 0 0 0 0 20 0 25 45 39 9 0 48 12 37 0 45 41 31 29 6 46 45 0 10 0 43 0
0 10 0 0 0 0 0 0 0 5 0 0 0 33 43 45 0 13 0 40 0 0 8 0 16 12 40 0 0 0
35 0 0 0 0 0 3 33 43 0 26 0 16 15 28 16 0 0 0 17 20 5 0 0 36 28 0 0 0 15
44 3 23 0 0 3 0 0 27 23 0 0 0 29 0 21 0 0 40 47 32 13 0 0 0 0 0 0 3 0
0 0 0 20 0 33 0 0 0 45 19 12 25 0 7 29 0 0 23 38 4 0 1 0 0 27 6 17 15 15
0 0 0 0 0 43 27 0 0 24 9 0 34 0 0 34 0 11 20 0 0 2 2 0 0 0 8 22 5 9
22 19 26 25 5 0 23 45 24 0 0 0 24 0 0 0 36 0 9 17 0 13 4 0 0 17 0 30 1 0
0 31 0 45 0 26 0 19 9 0 0 19 30 48 15 23 39 0 0 0 24 0 0 0 0 23 16 0 1 0
0 0 0 39 0 0 0 12 0 0 19 0 0 0 17 0 0 25 0 20 0 0 0 0 31 39 45 0 0 0
0 3 37 9 0 16 0 25 34 24 30 0 0 4 25 0 0 21 0 29 35 0 22 16 44 0 43 36 0 27
0 0 22 0 33 15 29 0 0 0 48 0 4 0 0 25 39 0 0 13 22 0 20 0 42 0 38 0 15 31
0 35 0 48 43 28 0 7 0 0 15 17 25 0 0 4 26 0 5 35 0 28 0 29 10 0 40 17 16 45
46 33 49 12 45 16 21 29 34 0 23 0 0 25 4 0 0 40 22 11 0 9 0 0 41 0 4 43 37 45
11 13 0 37 0 0 0 0 0 36 39 0 0 39 26 0 0 0 20 29 17 0 35 3 0 0 18 0 27 31
0 0 0 0 13 0 0 0 11 0 0 25 21 0 0 40 0 0 0 0 2 0 47 34 0 46 11 35 0 0
26 32 34 45 0 0 40 23 20 9 0 0 0 0 5 22 20 0 0 0 34 36 38 0 0 38 0 38 0 0
6 18 1 41 40 17 47 38 0 17 0 20 29 13 35 11 29 0 0 0 32 17 0 0 2 15 49 26 6 0
0 0 0 31 0 20 32 4 0 0 24 0 35 22 0 0 17 2 34 32 0 23 0 0 0 24 0 0 4 0
8 0 0 29 0 5 13 0 2 13 0 0 0 0 28 9 0 0 36 17 23 0 0 0 0 42 43 10 10 28
44 0 0 6 8 0 0 1 2 4 0 0 22 20 0 0 35 47 38 0 0 0 0 2 0 45 10 0 36 25
0 0 0 46 0 0 0 0 0 0 0 0 16 0 29 0 3 34 0 0 0 0 2 0 36 0 0 45 15 47
0 4 0 45 16 36 0 0 0 0 0 31 44 42 10 41 0 0 0 2 0 0 0 36 0 0 40 6 0 0
46 0 0 0 12 28 0 27 0 17 23 39 0 0 0 0 0 46 38 15 24 42 45 0 0 0 48 0 22 42
0 36 48 10 40 0 0 6 8 0 16 45 43 38 40 4 18 11 0 49 0 43 10 0 40 48 0 0 46 0
0 37 4 0 0 0 0 17 22 30 0 0 36 0 17 43 0 35 38 26 0 10 0 45 6 0 0 0 33 0
0 0 15 43 0 0 3 15 5 1 1 0 0 15 16 37 27 0 0 6 4 10 36 15 0 22 46 33 0 22
4 14 46 0 0 15 0 15 9 0 0 0 27 31 45 45 31 0 0 0 0 28 25 47 0 42 0 0 22 0

0 0 0 38 0 22 44 19 18 0 17 7 0 0 43 9 0 15 3 33 23 3 40 0 12 0 10 35 0 35
0 0 30 22 39 0 20 8 33 35 0 0 0 31 43 0 6 26 19 9 17 0 0 3 36 0 0 40 0 20
0 30 0 29 33 0 0 19 0 0 46 0 7 0 22 38 39 0 0 47 16 49 0 0 20 20 6 48 42 0
38 22 29 0 43 0 8 0 0 23 38 46 0 0 0 0 0 0 0 23 32 12 19 30 0 0 0 45 0 0
0 39 33 43 0 17 0 0 14 0 0 10 0 45 6 15 40 47 21 14 0 42 31 47 2 16 26 0 17 0
22 0 0 0 17 0 3 0 0 47 0 0 46 0 9 17 4 42 0 0 0 10 0 0 20 0 0 38 0 35
44 20 0 8 0 3 0 15 12 0 27 0 0 19 45 47 0 0 0 15 0 22 28 0 15 0 19 46 20 0
19 8 19 0 0 0 15 0 0 0 0 26 40 0 44 2 0 24 18 0 29 43 0 36 27 45 0 28 6 28
18 33 0 0 14 0 12 0 0 33 37 0 38 9 48 0 0 27 0 40 37 0 49 31 0 8 7 17 30 42
0 35 0 23 0 47 0 0 33 0 35 3 45 0 5 0 0 41 13 39 0 8 0 0 25 7 39 0 0 3
17 0 46 38 0 0 27 0 37 35 0 0 0 0 46 0 46 45 0 0 6 30 14 20 35 0 0 0 0 22
7 0 0 46 10 0 0 26 0 3 0 0 0 0 2 48 0 0 0 39 0 19 0 0 0 30 0 0 0 0
0 0 7 0 0 46 0 40 38 45 0 0 0 0 20 41 37 6 37 42 0 0 2 0 31 46 40 0 0 0
0 31 0 0 45 0 19 0 9 0 0 0 0 0 1 10 14 0 0 22 0 26 48 43 11 13 30 42 14 10
43 43 22 0 6 9 45 44 48 5 46 2 20 1 0 2 26 0 18 16 0 49 9 29 7 31 0 31 11 0
9 0 38 0 15 17 47 2 0 0 0 48 41 10 2 0 0 0 6 0 0 20 17 20 10 0 15 0 16 0
0 6 39 0 40 4 0 0 0 0 46 0 37 14 26 0 0 24 43 23 0 46 0 10 0 49 8 17 0 33
15 26 0 0 47 42 0 24 27 41 45 0 6 0 0 0 24 0 0 3 27 3 33 7 0 36 0 44 0 0
3 19 0 0 21 0 0 18 0 13 0 0 37 0 18 6 43 0 0 23 0 29 5 39 28 0 1 13 40 0
33 9 47 23 14 0 15 0 40 39 0 39 42 22 16 0 23 3 23 0 0 20 5 2 0 0 23 41 11 0
23 17 16 32 0 0 0 29 37 0 6 0 0 0 0 0 0 27 0 0 0 7 39 38 37 0 13 38 0 21
3 0 49 12 42 10 22 43 0 8 30 19 0 26 49 20 46 3 29 20 7 0 0 4 0 0 0 0 0 0
40 0 0 19 31 0 28 0 49 0 14 0 2 48 9 17 0 33 5 5 39 0 0 0 0 11 0 46 33 40
0 3 0 30 47 0 0 36 31 0 20 0 0 43 29 20 10 7 39 2 38 4 0 0 33 0 16 32 34 27
12 36 20 0 2 20 15 27 0 25 35 0 31 11 7 10 0 0 28 0 37 0 0 33 0 27 43 26 0 32
0 0 20 0 16 0 0 45 8 7 0 30 46 13 31 0 49 36 0 0 0 0 11 0 27 0 0 23 30 0
10 0 6 0 26 0 19 0 7 39 0 0 40 30 0 15 8 0 1 23 13 0 0 16 43 0 0 0 35 5
35 40 48 45 0 38 46 28 17 0 0 0 0 42 31 0 17 44 13 41 38 0 46 32 26 23 0 0 10 40
0 0 42 0 17 0 20 6 30 0 0 0 0 14 11 16 0 0 40 11 0 0 33 34 0 30 35 10 0 1
35 20 0 0 0 35 0 28 42 3 22 0 0 10 0 0 33 0 0 0 21 0 40 27 32 0 5 40 1 0

