30

0 13 0 10 47 0 19 0 21 10 38 41 48 0 45 44 0 32 40 33 0 6 25 42 0 0 22 12 49 46
13 0 5 2 38 0 0 0 25 13 0 0 31 0 26 0 0 0 49 27 0 7 8 0 9 0 0 24 36 6
0 5 0 16 22 21 31 0 15 41 0 0 15 0 12 28 36 46 6 15 28 0 49 0 0 20 48 22 10 0
10 2 16 0 0 0 9 0 0 0 0 39 0 0 0 42 24 4 0 46 24 0 35 0 0 0 42 37 0 24
47 38 22 0 0 0 0 22 44 27 4 0 30 49 38 0 0 0 6 6 37 49 7 38 25 13 38 0 9 0
0 0 21 0 0 0 31 0 0 43 26 4 0 0 44 43 8 8 15 4 0 0 0 41 0 16 5 0 34 10
19 0 31 9 0 31 0 45 0 30 0 0 0 24 42 0 29 6 0 46 0 16 0 34 26 11 0 18 9 47
0 0 0 0 22 0 45 0 5 44 4 0 0 5 48 0 20 43 0 46 0 40 11 34 42 42 0 41 11 33
21 25 15 0 44 0 0 5 0 21 0 24 0 1 22 0 40 31 41 0 0 0 42 18 0 0 46 0 17 18
10 13 41 0 27 43 30 44 21 0 25 0 27 0 0 0 0 38 17 7 0 4 28 0 0 23 37 49 46 5
38 0 0 0 4 26 0 4 0 25 0 38 41 11 10 16 29 0 0 35 0 0 0 18 39 49 3 0 25 0
41 0 0 39 0 4 0 0 24 0 38 0 3 0 11 0 0 13 44 0 0 34 0 0 36 15 19 28 0 0
48 31 15 0 30 0 0 0 0 27 41 3 0 48 35 0 25 36 0 0 6 45 28 0 0 45 36 0 0 0
0 0 0 0 49 0 24 5 1 0 11 0 48 0 30 37 0 40 18 37 30 7 1 26 12 35 0 0 0 49
45 26 12 0 38 44 42 48 22 0 10 11 35 30 0 43 0 39 13 14 4 16 16 1 3 2 0 30 0 0
44 0 28 42 0 43 0 0 0 0 16 0 0 37 43 0 38 11 0 4 45 20 32 0 9 12 23 0 4 8
0 0 36 24 0 8 29 20 40 0 29 0 25 0 0 38 0 43 0 6 0 3 2 0 39 0 15 7 6 0
32 0 46 4 0 8 6 43 31 38 0 13 36 40 39 11 43 0 15 0 0 0 0 29 0 46 44 30 0 1
40 49 6 0 6 15 0 0 41 17 0 44 0 18 13 0 0 15 0 2 0 14 4 0 42 0 0 42 0 0
33 27 15 46 6 4 46 46 0 7 35 0 0 37 14 4 6 0 2 0 34 0 31 0 11 0 34 33 0 0
0 0 28 24 37 0 0 0 0 0 0 0 6 30 4 45 0 0 0 34 0 0 3 0 37 40 0 39 0 0
6 7 0 0 49 0 16 40 0 4 0 34 45 7 16 20 3 0 14 0 0 0 49 0 0 31 32 29 0 0
25 8 49 35 7 0 0 11 42 28 0 0 28 1 16 32 2 0 4 31 3 49 0 27 15 0 2 46 7 0
42 0 0 0 38 41 34 34 18 0 18 0 0 26 1 0 0 29 0 0 0 0 27 0 0 0 0 37 45 0
0 9 0 0 25 0 26 42 0 0 39 36 0 12 3 9 39 0 42 11 37 0 15 0 0 0 0 0 17 41
0 0 20 0 13 16 11 42 0 23 49 15 45 35 2 12 0 46 0 0 40 31 0 0 0 0 0 38 0 37
22 0 48 42 38 5 0 0 46 37 3 19 36 0 0 23 15 44 0 34 0 32 2 0 0 0 0 1 0 19
12 24 22 37 0 0 18 41 0 49 0 28 0 0 30 0 7 30 42 33 39 29 46 37 0 38 1 0 39 34
49 36 10 0 9 34 9 11 17 46 25 0 0 0 0 4 6 0 0 0 0 0 7 45 17 0 0 39 0 18
46 6 0 24 0 10 47 33 18 5 0 0 0 49 0 8 0 1 0 0 0 0 0 0 41 37 19 34 18 0

0 47 4 22 0 25 21 6 3 0 0 0 0 49 31 3 18 0 0 0 17 38 4 10 0 0 5 25 45 0
47 0 0 21 0 0 14 15 17 11 0 44 0 1 48 4 21 41 0 0 44 17 0 19 0 0 0 0 0 0
4 0 0 29 0 0 0 27 10 0 0 12 0 16 17 43 28 0 38 0 5 17 19 0 0 0 7 13 33 19
22 21 29 0 0 19 13 0 0 0 0 33 0 0 28 28 0 0 0 45 13 2 36 3 11 39 0 0 0 19
0 0 0 0 0 0 0 26 3 5 0 39 6 12 32 0 0 28 0 0 9 9 35 41 0 43 0 9 47 0
25 0 0 19 0 0 0 12 0 0 0 3 0 0 0 36 45 34 15 0 15 0 0 25 38 0 16 27 26 30
21 14 0 13 0 0 0 0 30 31 35 0 4 32 49 0 0 0 0 0 0 0 0 35 30 9 0 0 0 10
6 15 27 0 26 12 0 0 0 19 0 49 16 30 4 0 38 0 33 45 0 27 24 0 20 32 0 0 39 37
3 17 10 0 3 0 30 0 0 10 0 0 0 0 28 49 0 0 0 0 14 42 0 1 1 23 33 0 0 0
0 11 0 0 5 0 31 19 10 0 31 18 0 0 1 0 0 0 3 15 0 0 37 13 8 41 12 0 24 24
0 0 0 0 0 0 35 0 0 31 0 5 0 33 0 0 47 41 4 34 0 0 30 0 2 0 0 8 0 28
0 44 12 33 39 3 0 49 0 18 5 0 0 11 49 39 0 0 0 0 0 22 0 0 47 0 0 41 0 0
0 0 0 0 6 0 4 16 0 0 0 0 0 0 9 9 33 0 22 0 37 0 0 0 40 32 43 37 10 0
49 1 16 0 12 0 32 30 0 0 33 11 0 0 0 0 13 0 32 41 21 39 0 43 19 3 0 0 0 10
31 48 17 28 32 0 49 4 28 1 0 49 9 0 0 47 20 0 49 0 45 6 0 7 47 0 0 41 3 17
3 4 43 28 0 36 0 0 49 0 0 39 9 0 47 0 8 12 32 13 2 45 0 29 15 11 11 34 0 34
18 21 28 0 0 45 0 38 0 0 47 0 33 13 20 8 0 45 0 49 14 25 13 31 0 38 0 15 8 10
0 41 0 0 28 34 0 0 0 0 41 0 0 0 0 12 45 0 46 47 42 30 0 0 41 48 0 6 0 9
0 0 38 0 0 15 0 33 0 3 4 0 22 32 49 32 0 46 0 0 38 9 16 0 0 0 0 27 0 0
0 0 0 45 0 0 0 45 0 15 34 0 0 41 0 13 49 47 0 0 46 41 5 13 0 22 49 0 44 16
17 44 5 13 9 15 0 0 14 0 0 0 37 21 45 2 14 42 38 46 0 0 39 0 37 35 18 42 16 0
38 17 17 2 9 0 0 27 42 0 0 22 0 39 6 45 25 30 9 41 0 0 18 6 31 0 0 8 21 0
4 0 19 36 35 0 0 24 0 37 30 0 0 0 0 0 13 0 16 5 39 18 0 0 35 0 25 0 0 0
10 19 0 3 41 25 35 0 1 13 0 0 0 43 7 29 31 0 0 13 0 6 0 0 22 0 0 0 44 0
0 0 0 11 0 38 30 20 1 8 2 47 40 19 47 15 0 41 0 0 37 31 35 22 0 13 0 38 14 17
0 0 0 39 43 0 9 32 23 41 0 0 32 3 0 11 38 48 0 22 35 0 0 0 13 0 0 24 0 12
5 0 7 0 0 16 0 0 33 12 0 0 43 0 0 11 0 0 0 49 18 0 25 0 0 0 0 2 0 11
25 0 13 0 9 27 0 0 0 0 8 41 37 0 41 34 15 6 27 0 42 8 0 0 38 24 2 0 40 44
45 0 33 0 47 26 0 39 0 24 0 0 10 0 3 0 8 0 0 44 16 21 0 44 14 0 0 40 0 25
0 0 19 19 0 30 10 37 0 24 28 0 0 10 17 34 10 9 0 16 0 0 0 0 17 12 11 44 25 0

