30

0 12 0 16 40 45 0 0 0 32 14 0 23 28 28 0 16 0 46 0 0 19 0 42 23 24 40 26 30 10
12 0 0 0 34 0 0 0 0 8 3 0 45 41 36 0 7 0 13 0 1 0 0 31 17 33 43 0 0 0
0 0 0 47 0 26 0 0 0 6 0 0 0 44 34 16 48 43 2 0 0 30 0 0 36 0 9 0 0 36
16 0 47 0 0 0 45 0 10 0 11 28 34 0 41 36 28 0 0 10 7 29 3 5 0 0 28 0 12 12
40 34 0 0 0 33 0 27 40 0 29 19 30 0 0 7 0 48 0 39 37 15 0 47 3 5 0 0 33 14
45 0 26 0 33 0 0 1 2 0 0 0 6 0 48 12 29 37 49 15 0 0 0 30 38 24 0 31 18 43
0 0 0 45 0 0 0 0 49 9 0 0 14 47 33 36 19 0 24 0 0 41 19 7 22 21 38 25 26 47
0 0 0 0 27 1 0 0 0 46 0 29 47 0 49 8 40 47 37 27 0 0 37 19 11 0 26 10 0 16
0 0 0 10 40 2 49 0 0 42 0 7 0 46 45 13 0 0 0 9 23 3 0 38 36 34 28 0 22 5
32 8 6 0 0 0 9 46 42 0 44 33 0 0 9 7 0 0 0 25 0 22 9 0 35 19 46 0 0 40
14 3 0 11 29 0 0 0 0 44 0 0 9 16 45 45 49 49 35 10 14 0 47 0 0 0 33 24 1 0
0 0 0 28 19 0 0 29 7 33 0 0 28 0 23 38 41 0 0 8 16 27 8 47 0 23 0 0 0 16
23 45 0 34 30 6 14 47 0 0 9 28 0 0 44 0 34 0 0 2 42 0 1 47 0 0 0 0 31 13
28 41 44 0 0 0 47 0 46 0 16 0 0 0 21 26 7 22 48 0 6 49 0 0 16 0 43 0 12 25
28 36 34 41 0 48 33 49 45 9 45 23 44 21 0 4 0 0 30 5 23 0 26 18 0 0 32 35 31 0
0 0 16 36 7 12 36 8 13 7 45 38 0 26 4 0 0 8 0 42 46 40 34 4 0 15 39 32 19 25
16 7 48 28 0 29 19 40 0 0 49 41 34 7 0 0 0 0 0 0 0 44 0 32 17 0 0 49 0 28
0 0 43 0 48 37 0 47 0 0 49 0 0 22 0 8 0 0 0 28 0 0 31 0 16 35 0 0 20 0
46 13 2 0 0 49 24 37 0 0 35 0 0 48 30 0 0 0 0 0 42 11 12 0 0 16 46 40 12 26
0 0 0 10 39 15 0 27 9 25 10 8 2 0 5 42 0 28 0 0 0 30 19 0 11 0 37 28 34 45
0 1 0 7 37 0 0 0 23 0 14 16 42 6 23 46 0 0 42 0 0 0 0 0 0 0 38 8 41 0
19 0 30 29 15 0 41 0 3 22 0 27 0 49 0 40 44 0 11 30 0 0 45 0 42 0 13 0 23 0
0 0 0 3 0 0 19 37 0 9 47 8 1 0 26 34 0 31 12 19 0 45 0 9 26 6 42 0 26 6
42 31 0 5 47 30 7 19 38 0 0 47 47 0 18 4 32 0 0 0 0 0 9 0 44 0 41 36 49 8
23 17 36 0 3 38 22 11 36 35 0 0 0 16 0 0 17 16 0 11 0 42 26 44 0 11 0 27 0 20
24 33 0 0 5 24 21 0 34 19 0 23 0 0 0 15 0 35 16 0 0 0 6 0 11 0 0 0 6 0
40 43 9 28 0 0 38 26 28 46 33 0 0 43 32 39 0 0 46 37 38 13 42 41 0 0 0 0 0 18
26 0 0 0 0 31 25 10 0 0 24 0 0 0 35 32 49 0 40 28 8 0 0 36 27 0 0 0 28 13
30 0 0 12 33 18 26 0 22 0 1 0 31 12 31 19 0 20 12 34 41 23 26 49 0 6 0 28 0 0
10 0 36 12 14 43 47 16 5 40 0 16 13 25 0 25 28 0 26 45 0 0 6 8 20 0 18 13 0 0

0 43 14 7 33 2 42 0 48 34 0 0 33 34 9 0 8 0 0 1 0 0 24 31 21 43 0 45 9 0
43 0 20 0 44 5 0 9 43 1 25 0 42 0 9 36 14 0 4 35 39 13 0 6 0 0 38 46 48 7
14 20 0 0 0 0 12 0 18 1 0 37 0 46 0 18 31 0 18 0 20 45 0 2 0 23 34 0 45 0
7 0 0 0 17 10 0 18 5 27 46 43 33 4 0 32 0 8 1 6 24 20 0 4 26 24 0 15 33 1
33 44 0 17 0 46 0 16 49 14 0 0 0 32 35 47 0 0 13 47 3 0 0 15 9 39 0 0 0 22
2 5 0 10 46 0 34 39 0 22 30 46 9 0 15 0 0 0 25 41 25 0 46 45 0 0 0 43 28 0
42 0 12 0 0 34 0 0 0 0 49 37 18 0 44 3 3 0 4 0 48 18 17 24 0 0 0 0 0 10
0 9 0 18 16 39 0 0 0 25 30 1 0 0 4 37 41 0 0 49 36 46 0 23 25 46 0 7 0 0
48 43 18 5 49 0 0 0 0 49 21 5 42 0 0 18 0 27 14 6 0 36 34 27 35 0 21 20 0 13
34 1 1 27 14 22 0 25 49 0 41 16 0 45 5 0 22 13 0 30 13 0 49 38 10 37 46 0 34 0
0 25 0 46 0 30 49 30 21 41 0 0 6 17 33 25 0 25 20 33 0 0 18 18 31 0 26 0 31 0
0 0 37 43 0 46 37 1 5 16 0 0 0 41 49 21 0 5 0 14 0 0 14 39 19 0 16 15 35 0
33 42 0 33 0 9 18 0 42 0 6 0 0 0 29 0 4 0 0 0 25 5 9 23 0 17 0 38 0 27
34 0 46 4 32 0 0 0 0 45 17 41 0 0 15 23 27 37 7 0 17 0 0 0 0 0 0 11 0 5
9 9 0 0 35 15 44 4 0 5 33 49 29 15 0 18 26 12 34 0 23 44 1 0 40 0 0 0 46 45
0 36 18 32 47 0 3 37 18 0 25 21 0 23 18 0 23 49 0 0 46 0 0 0 0 0 27 0 26 21
8 14 31 0 0 0 3 41 0 22 0 0 4 27 26 23 0 0 0 0 0 17 8 0 0 0 7 0 0 41
0 0 0 8 0 0 0 0 27 13 25 5 0 37 12 49 0 0 0 0 10 0 0 0 0 32 0 30 20 4
0 4 18 1 13 25 4 0 14 0 20 0 0 7 34 0 0 0 0 25 0 0 0 28 0 45 11 39 0 48
1 35 0 6 47 41 0 49 6 30 33 14 0 0 0 0 0 0 25 0 41 4 19 43 35 36 32 19 0 0
0 39 20 24 3 25 48 36 0 13 0 0 25 17 23 46 0 10 0 41 0 8 15 0 7 2 15 0 18 15
0 13 45 20 0 0 18 46 36 0 0 0 5 0 44 0 17 0 0 4 8 0 39 13 30 0 0 0 0 40
24 0 0 0 0 46 17 0 34 49 18 14 9 0 1 0 8 0 0 19 15 39 0 41 47 0 0 0 24 0
31 6 2 4 15 45 24 23 27 38 18 39 23 0 0 0 0 0 28 43 0 13 41 0 0 12 43 44 4 14
21 0 0 26 9 0 0 25 35 10 31 19 0 0 40 0 0 0 0 35 7 30 47 0 0 40 0 22 7 0
43 0 23 24 39 0 0 46 0 37 0 0 17 0 0 0 0 32 45 36 2 0 0 12 40 0 6 26 3 0
0 38 34 0 0 0 0 0 21 46 26 16 0 0 0 27 7 0 11 32 15 0 0 43 0 6 0 20 0 0
45 46 0 15 0 43 0 7 20 0 0 15 38 11 0 0 0 30 39 19 0 0 0 44 22 26 20 0 0 1
9 48 45 33 0 28 0 0 0 34 31 35 0 0 46 26 0 20 0 0 18 0 24 4 7 3 0 0 0 6
0 7 0 1 22 0 10 0 13 0 0 0 27 5 45 21 41 4 48 0 15 40 0 14 0 0 0 1 6 0

