30

0 46 2 0 0 23 0 0 45 0 35 30 0 0 0 43 0 0 0 20 29 0 29 19 46 25 46 17 11 0
46 0 41 30 15 26 0 19 0 34 30 37 4 0 0 0 0 0 5 15 7 0 30 35 2 0 0 23 10 41
2 41 0 0 21 0 5 0 14 28 15 0 7 0 40 20 22 43 0 0 30 0 49 6 12 33 42 41 0 2
0 30 0 0 40 24 45 0 5 11 49 14 0 44 42 0 0 11 36 0 0 0 5 43 0 0 0 0 0 25
0 15 21 40 0 0 0 0 3 0 37 11 22 0 0 0 19 26 2 4 25 10 19 0 4 31 27 19 0 0
23 26 0 24 0 0 0 17 0 0 4 21 44 34 0 0 31 0 0 9 28 49 8 49 0 29 47 23 0 18
0 0 5 45 0 0 0 41 11 23 7 42 25 0 21 0 0 3 12 0 0 3 0 25 13 0 0 6 30 0
0 19 0 0 0 17 41 0 26 0 38 9 0 0 0 21 14 0 0 13 0 18 0 10 0 33 29 33 0 48
45 0 14 5 3 0 11 26 0 0 16 0 0 0 20 22 0 16 0 42 17 0 0 22 24 8 24 0 30 36
0 34 28 11 0 0 23 0 0 0 0 40 0 24 0 16 19 0 44 0 0 20 0 10 36 0 3 35 22 38
35 30 15 49 37 4 7 38 16 0 0 7 0 20 0 32 0 0 0 42 0 0 0 0 0 49 0 39 0 1
30 37 0 14 11 21 42 9 0 40 7 0 0 41 43 44 0 29 0 24 44 13 33 2 25 2 0 0 0 0
0 4 7 0 22 44 25 0 0 0 0 0 0 8 0 39 16 38 49 26 24 29 19 0 0 0 23 34 43 0
0 0 0 44 0 34 0 0 0 24 20 41 8 0 0 49 0 0 6 0 0 45 0 34 47 41 40 7 3 0
0 0 40 42 0 0 21 0 20 0 0 43 0 0 0 21 0 30 0 0 0 32 36 12 0 30 44 1 0 20
43 0 20 0 0 0 0 21 22 16 32 44 39 49 21 0 26 2 0 0 30 47 18 0 40 0 42 24 32 13
0 0 22 0 19 31 0 14 0 19 0 0 16 0 0 26 0 0 0 0 13 0 10 0 0 40 25 0 47 26
0 0 43 11 26 0 3 0 16 0 0 29 38 0 30 2 0 0 41 31 0 0 41 0 29 9 23 37 9 0
0 5 0 36 2 0 12 0 0 44 0 0 49 6 0 0 0 41 0 28 0 0 4 27 0 0 1 0 37 27
20 15 0 0 4 9 0 13 42 0 42 24 26 0 0 0 0 31 28 0 39 1 14 5 0 0 20 19 4 25
29 7 30 0 25 28 0 0 17 0 0 44 24 0 0 30 13 0 0 39 0 27 0 43 13 0 2 44 45 0
0 0 0 0 10 49 3 18 0 20 0 13 29 45 32 47 0 0 0 1 27 0 26 0 2 17 30 28 29 27
29 30 49 5 19 8 0 0 0 0 0 33 19 0 36 18 10 41 4 14 0 26 0 13 0 0 34 39 0 0
19 35 6 43 0 49 25 10 22 10 0 2 0 34 12 0 0 0 27 5 43 0 13 0 0 7 10 0 0 0
46 2 12 0 4 0 13 0 24 36 0 25 0 47 0 40 0 29 0 0 13 2 0 0 0 0 0 40 14 0
25 0 33 0 31 29 0 33 8 0 49 2 0 41 30 0 40 9 0 0 0 17 0 7 0 0 47 25 0 0
46 0 42 0 27 47 0 29 24 3 0 0 23 40 44 42 25 23 1 20 2 30 34 10 0 47 0 39 0 0
17 23 41 0 19 23 6 33 0 35 39 0 34 7 1 24 0 37 0 19 44 28 39 0 40 25 39 0 0 41
11 10 0 0 0 0 30 0 30 22 0 0 43 3 0 32 47 9 37 4 45 29 0 0 14 0 0 0 0 15
0 41 2 25 0 18 0 48 36 38 1 0 0 0 20 13 26 0 27 25 0 27 0 0 0 0 0 41 15 0

0 3 2 46 0 8 18 28 0 2 0 21 10 8 14 9 0 6 3 28 0 15 27 11 0 1 0 23 0 0
3 0 41 19 32 0 40 0 23 6 4 43 0 46 10 0 17 0 20 0 12 0 0 22 6 9 0 13 5 11
2 41 0 15 26 46 41 15 17 32 25 37 16 0 0 0 27 48 18 38 0 26 0 0 46 42 34 4 0 18
46 19 15 0 15 0 0 0 9 0 0 0 0 13 4 16 34 26 19 14 44 0 13 0 0 7 26 0 0 5
0 32 26 15 0 0 9 36 0 0 13 30 0 0 0 7 36 35 16 33 24 24 18 0 37 0 29 32 20 10
8 0 46 0 0 0 0 17 0 0 0 13 49 23 24 20 0 13 33 27 28 0 15 35 2 35 2 0 0 0
18 40 41 0 9 0 0 0 0 30 24 0 21 7 37 33 46 0 0 0 9 21 42 0 0 0 12 0 22 0
28 0 15 0 36 17 0 0 29 36 15 17 44 0 0 31 0 0 25 10 43 29 0 0 20 0 0 0 0 7
0 23 17 9 0 0 0 29 0 16 31 0 0 0 21 22 22 0 0 23 21 0 47 31 30 0 30 0 15 0
2 6 32 0 0 0 30 36 16 0 0 0 18 0 0 36 19 6 39 0 0 0 18 0 6 0 25 0 36 0
0 4 25 0 13 0 24 15 31 0 0 3 19 25 0 0 20 0 27 43 0 41 0 21 5 0 0 36 0 0
21 43 37 0 30 13 0 17 0 0 3 0 37 21 6 0 47 0 34 0 0 32 37 39 23 0 40 3 0 15
10 0 16 0 0 49 21 44 0 18 19 37 0 48 24 8 0 0 9 0 0 24 3 30 39 34 46 45 5 11
8 46 0 13 0 23 7 0 0 0 25 21 48 0 22 0 44 4 0 14 41 24 12 22 11 23 0 11 29 0
14 10 0 4 0 24 37 0 21 0 0 6 24 22 0 0 16 0 17 0 0 0 20 0 46 0 18 0 0 43
9 0 0 16 7 20 33 31 22 36 0 0 8 0 0 0 0 0 37 9 26 25 0 44 27 0 10 42 32 0
0 17 27 34 36 0 46 0 22 19 20 47 0 44 16 0 0 5 0 40 0 18 5 39 0 6 20 5 7 0
6 0 48 26 35 13 0 0 0 6 0 0 0 4 0 0 5 0 11 0 0 1 0 0 27 41 38 0 0 0
3 20 18 19 16 33 0 25 0 39 27 34 9 0 17 37 0 11 0 49 49 0 28 0 21 0 10 0 2 33
28 0 38 14 33 27 0 10 23 0 43 0 0 14 0 9 40 0 49 0 0 19 6 33 0 0 1 0 0 37
0 12 0 44 24 28 9 43 21 0 0 0 0 41 0 26 0 0 49 0 0 6 0 0 10 0 34 36 4 0
15 0 26 0 24 0 21 29 0 0 41 32 24 24 0 25 18 1 0 19 6 0 37 32 0 24 0 17 23 0
27 0 0 13 18 15 42 0 47 18 0 37 3 12 20 0 5 0 28 6 0 37 0 0 0 12 0 45 38 43
11 22 0 0 0 35 0 0 31 0 21 39 30 22 0 44 39 0 0 33 0 32 0 0 0 37 0 26 0 35
0 6 46 0 37 2 0 20 30 6 5 23 39 11 46 27 0 27 21 0 10 0 0 0 0 0 21 29 0 34
1 9 42 7 0 35 0 0 0 0 0 0 34 23 0 0 6 41 0 0 0 24 12 37 0 0 25 0 24 14
0 0 34 26 29 2 12 0 30 25 0 40 46 0 18 10 20 38 10 1 34 0 0 0 21 25 0 46 46 43
23 13 4 0 32 0 0 0 0 0 36 3 45 11 0 42 5 0 0 0 36 17 45 26 29 0 46 0 18 12
0 5 0 0 20 0 22 0 15 36 0 0 5 29 0 32 7 0 2 0 4 23 38 0 0 24 46 18 0 29
0 11 18 5 10 0 0 7 0 0 0 15 11 0 43 0 0 0 33 37 0 0 43 35 34 14 43 12 29 0

