30

0 47 0 21 0 48 0 18 0 7 26 14 12 33 0 4 29 47 11 9 19 0 30 34 38 11 5 0 15 26
47 0 14 49 13 28 40 33 30 48 40 48 0 38 34 21 25 0 44 0 30 0 47 0 0 47 36 46 28 25
0 14 0 0 39 0 8 44 9 0 0 26 33 40 21 49 31 20 0 8 0 0 29 26 37 0 11 31 35 47
21 49 0 0 7 0 42 0 24 15 0 0 13 0 0 0 22 38 46 0 0 31 30 40 32 6 0 0 40 33
0 13 39 7 0 0 49 28 0 41 49 0 0 0 4 0 13 7 5 0 6 41 0 0 33 19 28 13 13 3
48 28 0 0 0 0 45 15 49 0 0 0 0 36 39 25 26 7 0 4 2 15 32 6 6 0 0 25 0 15
0 40 8 42 49 45 0 0 29 0 0 0 0 0 28 6 0 13 0 4 0 26 0 37 11 0 8 0 37 33
18 33 44 0 28 15 0 0 0 12 0 24 0 0 27 0 16 0 0 0 21 4 0 40 45 0 0 49 4 0
0 30 9 24 0 49 29 0 0 0 0 0 0 0 31 0 31 0 28 6 0 0 20 25 0 35 0 26 25 0
7 48 0 15 41 0 0 12 0 0 4 9 11 26 0 49 0 0 0 38 49 26 21 38 49 34 4 0 30 40
26 40 0 0 49 0 0 0 0 4 0 0 10 0 0 0 28 4 0 7 3 30 24 0 0 0 0 11 16 16
14 48 26 0 0 0 0 24 0 9 0 0 0 48 0 32 4 0 0 18 46 8 34 0 21 22 46 0 9 0
12 0 33 13 0 0 0 0 0 11 10 0 0 44 30 24 12 1 0 30 5 2 0 4 0 37 42 0 0 24
33 38 40 0 0 36 0 0 0 26 0 48 44 0 0 0 0 0 23 1 36 32 0 43 0 20 0 0 37 0
0 34 21 0 4 39 28 27 31 0 0 0 30 0 0 0 0 16 37 25 3 39 14 0 11 46 8 43 29 40
4 21 49 0 0 25 6 0 0 49 0 32 24 0 0 0 25 10 2 0 43 0 0 0 0 0 21 9 0 7
29 25 31 22 13 26 0 16 31 0 28 4 12 0 0 25 0 19 32 42 0 0 42 0 0 0 0 21 32 8
47 0 20 38 7 7 13 0 0 0 4 0 1 0 16 10 19 0 46 48 2 41 6 0 0 0 13 36 0 13
11 44 0 46 5 0 0 0 28 0 0 0 0 23 37 2 32 46 0 0 47 0 46 27 9 0 29 35 1 18
9 0 8 0 0 4 4 0 6 38 7 18 30 1 25 0 42 48 0 0 45 3 8 33 15 30 0 4 10 38
19 30 0 0 6 2 0 21 0 49 3 46 5 36 3 43 0 2 47 45 0 0 0 0 31 44 47 46 0 19
0 0 0 31 41 15 26 4 0 26 30 8 2 32 39 0 0 41 0 3 0 0 20 33 20 32 8 36 42 49
30 47 29 30 0 32 0 0 20 21 24 34 0 0 14 0 42 6 46 8 0 20 0 0 42 0 24 20 41 7
34 0 26 40 0 6 37 40 25 38 0 0 4 43 0 0 0 0 27 33 0 33 0 0 21 18 14 0 48 0
38 0 37 32 33 6 11 45 0 49 0 21 0 0 11 0 0 0 9 15 31 20 42 21 0 0 4 0 0 0
11 47 0 6 19 0 0 0 35 34 0 22 37 20 46 0 0 0 0 30 44 32 0 18 0 0 0 0 0 12
5 36 11 0 28 0 8 0 0 4 0 46 42 0 8 21 0 13 29 0 47 8 24 14 4 0 0 0 18 0
0 46 31 0 13 25 0 49 26 0 11 0 0 0 43 9 21 36 35 4 46 36 20 0 0 0 0 0 42 0
15 28 35 40 13 0 37 4 25 30 16 9 0 37 29 0 32 0 1 10 0 42 41 48 0 0 18 42 0 49
26 25 47 33 3 15 33 0 0 40 16 0 24 0 40 7 8 13 18 38 19 49 7 0 0 12 0 0 49 0

0 0 0 47 21 29 18 49 0 0 25 31 0 0 19 26 0 0 11 8 0 22 0 43 0 0 0 0 26 19
0 0 0 17 0 1 5 36 36 16 14 26 8 29 2 0 0 0 0 0 0 0 0 0 0 0 31 36 43 8
0 0 0 17 20 0 7 9 0 38 34 9 0 0 0 0 47 0 41 0 45 26 13 1 49 0 0 46 16 3
47 17 17 0 8 33 40 0 0 0 6 0 36 31 29 22 15 20 19 47 41 0 0 27 46 4 0 0 28 4
21 0 20 8 0 0 0 0 19 28 16 24 25 0 0 49 36 8 0 6 0 11 7 33 0 33 42 28 0 3
29 1 0 33 0 0 48 34 45 19 0 21 29 12 17 0 48 1 0 13 0 35 0 47 0 17 13 25 44 13
18 5 7 40 0 48 0 31 0 5 28 19 26 37 0 0 0 18 13 0 0 26 0 3 0 37 19 0 0 0
49 36 9 0 0 34 31 0 0 39 0 16 23 0 46 0 13 10 46 11 40 0 31 0 29 0 34 5 11 0
0 36 0 0 19 45 0 0 0 0 33 41 0 46 49 8 49 15 0 5 0 35 0 0 15 0 10 16 45 0
0 16 38 0 28 19 5 39 0 0 10 38 0 0 49 18 0 0 46 0 14 40 10 0 39 0 49 0 36 0
25 14 34 6 16 0 28 0 33 10 0 40 24 0 0 0 4 39 47 0 0 0 10 25 23 0 27 0 0 26
31 26 9 0 24 21 19 16 41 38 40 0 30 48 11 0 33 0 16 8 0 0 0 48 36 37 0 0 0 17
0 8 0 36 25 29 26 23 0 0 24 30 0 23 28 0 0 0 30 0 0 0 0 15 7 22 31 0 0 27
0 29 0 31 0 12 37 0 46 0 0 48 23 0 10 11 17 0 32 32 0 0 42 35 34 5 21 0 0 22
19 2 0 29 0 17 0 46 49 49 0 11 28 10 0 22 0 3 17 0 30 24 0 0 8 46 0 9 0 0
26 0 0 22 49 0 0 0 8 18 0 0 0 11 22 0 5 1 8 0 15 32 39 9 0 8 0 48 11 44
0 0 47 15 36 48 0 13 49 0 4 33 0 17 0 5 0 10 18 24 27 0 0 0 35 33 12 0 46 0
0 0 0 20 8 1 18 10 15 0 39 0 0 0 3 1 10 0 0 18 0 0 28 22 46 8 0 0 2 4
11 0 41 19 0 0 13 46 0 46 47 16 30 32 17 8 18 0 0 27 46 0 8 0 0 31 0 0 38 23
8 0 0 47 6 13 0 11 5 0 0 8 0 32 0 0 24 18 27 0 25 7 38 0 18 49 4 12 13 0
0 0 45 41 0 0 0 40 0 14 0 0 0 0 30 15 27 0 46 25 0 33 0 21 31 0 0 0 0 9
22 0 26 0 11 35 26 0 35 40 0 0 0 0 24 32 0 0 0 7 33 0 0 20 35 2 27 36 49 26
0 0 13 0 7 0 0 31 0 10 10 0 0 42 0 39 0 28 8 38 0 0 0 0 8 10 11 0 42 1
43 0 1 27 33 47 3 0 0 0 25 48 15 35 0 9 0 22 0 0 21 20 0 0 1 36 0 0 0 43
0 0 49 46 0 0 0 29 15 39 23 36 7 34 8 0 35 46 0 18 31 35 8 1 0 0 0 49 0 0
0 0 0 4 33 17 37 0 0 0 0 37 22 5 46 8 33 8 31 49 0 2 10 36 0 0 0 0 10 0
0 31 0 0 42 13 19 34 10 49 27 0 31 21 0 0 12 0 0 4 0 27 11 0 0 0 0 31 16 0
0 36 46 0 28 25 0 5 16 0 0 0 0 0 9 48 0 0 0 12 0 36 0 0 49 0 31 0 2 4
26 43 16 28 0 44 0 11 45 36 0 0 0 0 0 11 46 2 38 13 0 49 42 0 0 10 16 2 0 0
19 8 3 4 3 13 0 0 0 0 26 17 27 22 0 44 0 4 23 0 9 26 1 43 0 0 0 4 0 0

