30

0 0 36 0 0 12 44 0 0 11 18 22 0 2 0 0 30 3 0 0 46 0 1 48 0 0 0 10 0 0
0 0 34 16 43 36 0 11 27 0 38 0 0 48 37 0 0 20 32 27 5 0 29 0 0 18 0 0 37 0
36 34 0 19 0 5 0 26 31 28 7 8 38 0 0 43 0 0 0 0 0 0 0 0 2 13 32 0 23 0
0 16 19 0 0 23 0 0 5 0 0 26 40 24 0 0 8 0 46 21 0 8 0 0 0 24 45 35 0 33
0 43 0 0 0 0 0 34 37 40 32 29 0 38 48 0 0 38 43 43 2 0 0 26 24 8 0 16 48 29
12 36 5 23 0 0 45 22 16 37 43 12 0 48 0 44 47 0 25 0 31 0 0 0 11 29 31 0 0 6
44 0 0 0 0 45 0 24 9 5 10 0 6 14 0 0 0 19 2 45 30 0 32 21 0 0 13 0 0 0
0 11 26 0 34 22 24 0 11 43 40 28 3 8 0 45 0 48 18 0 0 0 0 0 0 33 16 41 7 28
0 27 31 5 37 16 9 11 0 35 17 0 17 0 9 0 44 0 0 0 13 0 45 10 0 22 37 35 0 4
11 0 28 0 40 37 5 43 35 0 33 20 48 0 0 35 5 0 0 43 0 6 0 0 15 37 0 35 13 0
18 38 7 0 32 43 10 40 17 33 0 0 22 0 20 0 37 34 31 12 32 0 24 0 31 3 0 11 32 22
22 0 8 26 29 12 0 28 0 20 0 0 18 0 9 0 16 0 0 0 0 0 17 16 9 0 5 33 0 0
0 0 38 40 0 0 6 3 17 48 22 18 0 0 0 0 0 0 19 6 24 29 0 0 45 0 32 0 0 0
2 48 0 24 38 48 14 8 0 0 0 0 0 0 32 0 0 0 0 0 2 0 26 32 0 0 21 11 24 2
0 37 0 0 48 0 0 0 9 0 20 9 0 32 0 15 0 10 0 37 0 43 13 0 42 14 44 47 38 10
0 0 43 0 0 44 0 45 0 35 0 0 0 0 15 0 36 0 28 0 0 21 0 0 0 0 0 36 0 4
30 0 0 8 0 47 0 0 44 5 37 16 0 0 0 36 0 38 0 0 6 24 11 0 25 49 0 9 0 3
3 20 0 0 38 0 19 48 0 0 34 0 0 0 10 0 38 0 32 42 47 0 23 0 10 45 28 0 25 30
0 32 0 46 43 25 2 18 0 0 31 0 19 0 0 28 0 32 0 0 0 29 24 0 5 0 0 34 9 0
0 27 0 21 43 0 45 0 0 43 12 0 6 0 37 0 0 42 0 0 0 0 43 0 24 0 9 0 6 1
46 5 0 0 2 31 30 0 13 0 32 0 24 2 0 0 6 47 0 0 0 32 0 0 0 23 4 11 23 21
0 0 0 8 0 0 0 0 0 6 0 0 29 0 43 21 24 0 29 0 32 0 0 27 22 0 0 3 6 0
1 29 0 0 0 0 32 0 45 0 24 17 0 26 13 0 11 23 24 43 0 0 0 24 0 32 32 0 25 28
48 0 0 0 26 0 21 0 10 0 0 16 0 32 0 0 0 0 0 0 0 27 24 0 0 29 42 0 0 40
0 0 2 0 24 11 0 0 0 15 31 9 45 0 42 0 25 10 5 24 0 22 0 0 0 12 9 32 44 24
0 18 13 24 8 29 0 33 22 37 3 0 0 0 14 0 49 45 0 0 23 0 32 29 12 0 19 43 34 9
0 0 32 45 0 31 13 16 37 0 0 5 32 21 44 0 0 28 0 9 4 0 32 42 9 19 0 0 0 0
10 0 0 35 16 0 0 41 35 35 11 33 0 11 47 36 9 0 34 0 11 3 0 0 32 43 0 0 0 20
0 37 23 0 48 0 0 7 0 13 32 0 0 24 38 0 0 25 9 6 23 6 25 0 44 34 0 0 0 18
0 0 0 33 29 6 0 28 4 0 22 0 0 2 10 4 3 30 0 1 21 0 28 40 24 9 0 20 18 0

0 0 15 9 20 42 3 19 0 0 0 8 0 47 11 22 18 0 13 7 1 0 20 0 10 15 0 39 0 47
0 0 13 9 0 0 0 0 24 0 29 4 0 0 0 2 41 11 24 42 15 26 0 8 0 44 33 39 0 49
15 13 0 49 41 0 39 0 0 0 32 47 1 8 0 0 0 0 29 0 41 40 16 20 0 44 38 0 43 0
9 9 49 0 42 0 0 0 0 0 0 16 0 17 39 0 2 0 42 28 27 6 46 19 26 0 0 41 5 25
20 0 41 42 0 26 7 1 47 8 0 32 24 11 28 0 8 0 2 0 26 0 0 4 9 0 0 0 0 36
42 0 0 0 26 0 1 0 38 0 0 46 38 0 1 0 0 5 40 0 0 48 0 32 16 16 0 30 0 0
3 0 39 0 7 1 0 16 15 0 25 0 2 0 0 0 44 0 0 1 0 22 39 0 0 0 0 0 18 46
19 0 0 0 1 0 16 0 0 30 47 35 48 0 5 0 0 34 0 9 0 0 0 32 40 0 25 34 41 41
0 24 0 0 47 38 15 0 0 6 30 0 0 26 29 32 46 38 0 42 0 16 2 33 0 42 47 0 0 43
0 0 0 0 8 0 0 30 6 0 27 44 0 26 0 23 34 27 43 17 9 3 0 13 12 18 0 0 43 11
0 29 32 0 0 0 25 47 30 27 0 24 0 30 21 21 0 35 15 18 28 0 0 31 15 7 26 45 12 33
8 4 47 16 32 46 0 35 0 44 24 0 0 2 0 16 39 3 0 0 41 6 0 0 43 0 0 0 0 0
0 0 1 0 24 38 2 48 0 0 0 0 0 0 45 27 38 0 4 0 0 0 32 0 0 17 0 9 0 36
47 0 8 17 11 0 0 0 26 26 30 2 0 0 0 42 20 18 0 0 20 28 35 0 0 0 47 0 31 13
11 0 0 39 28 1 0 5 29 0 21 0 45 0 0 36 44 0 10 0 49 0 0 43 42 48 0 25 17 47
22 2 0 0 0 0 0 0 32 23 21 16 27 42 36 0 0 37 18 0 26 0 0 19 32 0 0 0 11 42
18 41 0 2 8 0 44 0 46 34 0 39 38 20 44 0 0 13 9 22 10 0 46 0 41 0 0 4 0 42
0 11 0 0 0 5 0 34 38 27 35 3 0 18 0 37 13 0 43 14 43 0 0 41 0 23 0 40 0 19
13 24 29 42 2 40 0 0 0 43 15 0 4 0 10 18 9 43 0 21 0 0 0 18 34 21 0 48 30 0
7 42 0 28 0 0 1 9 42 17 18 0 0 0 0 0 22 14 21 0 9 0 2 17 43 0 30 6 0 10
1 15 41 27 26 0 0 0 0 9 28 41 0 20 49 26 10 43 0 9 0 0 0 27 26 0 0 12 0 0
0 26 40 6 0 48 22 0 16 3 0 6 0 28 0 0 0 0 0 0 0 0 0 0 0 0 21 0 0 30
20 0 16 46 0 0 39 0 2 0 0 0 32 35 0 0 46 0 0 2 0 0 0 25 40 0 0 16 21 0
0 8 20 19 4 32 0 32 33 13 31 0 0 0 43 19 0 41 18 17 27 0 25 0 0 0 18 0 0 35
10 0 0 26 9 16 0 40 0 12 15 43 0 0 42 32 41 0 34 43 26 0 40 0 0 28 0 13 13 47
15 44 44 0 0 16 0 0 42 18 7 0 17 0 48 0 0 23 21 0 0 0 0 0 28 0 21 25 26 0
0 33 38 0 0 0 0 25 47 0 26 0 0 47 0 0 0 0 0 30 0 21 0 18 0 21 0 4 0 0
39 39 0 41 0 30 0 34 0 0 45 0 9 0 25 0 4 40 48 6 12 0 16 0 13 25 4 0 25 0
0 0 43 5 0 0 18 41 0 43 12 0 0 31 17 11 0 0 30 0 0 0 21 0 13 26 0 25 0 0
47 49 0 25 36 0 46 41 43 11 33 0 36 13 47 42 42 19 0 10 0 30 0 35 47 0 0 0 0 0

