30

0 0 25 39 0 23 13 0 0 0 43 0 26 27 37 15 0 40 36 12 0 0 11 0 40 31 0 15 19 9
0 0 0 0 0 0 7 24 46 0 0 0 16 0 7 31 0 0 0 35 0 8 21 35 37 9 32 6 0 37
25 0 0 0 0 15 40 0 0 19 22 0 16 0 40 11 34 0 0 0 39 29 0 0 15 0 0 0 10 20
39 0 0 0 0 5 44 38 13 13 0 12 38 1 21 5 0 0 0 0 0 17 45 20 0 0 5 0 0 43
0 0 0 0 0 47 0 19 36 11 41 20 7 37 43 6 0 45 49 0 0 41 45 0 4 14 0 45 28 0
23 0 15 5 47 0 41 29 0 5 47 0 7 31 31 44 0 21 0 24 17 0 24 25 17 12 10 0 30 0
13 7 40 44 0 41 0 48 10 0 3 8 0 9 15 31 0 48 38 34 0 0 0 46 28 0 0 14 0 0
0 24 0 38 19 29 48 0 6 34 35 18 19 31 0 32 23 11 36 0 8 0 38 28 0 46 0 0 30 0
0 46 0 13 36 0 10 6 0 26 35 27 28 8 28 9 0 45 0 26 45 0 41 32 48 0 0 38 43 6
0 0 19 13 11 5 0 34 26 0 11 17 38 0 21 40 10 15 0 0 0 0 10 27 37 0 27 21 27 15
43 0 22 0 41 47 3 35 35 11 0 38 49 0 39 40 12 0 1 0 34 36 0 31 42 30 7 0 18 6
0 0 0 12 20 0 8 18 27 17 38 0 4 45 0 21 0 20 0 1 4 1 39 33 0 18 0 44 2 0
26 16 16 38 7 7 0 19 28 38 49 4 0 27 32 0 4 0 0 0 0 0 32 49 0 21 0 0 21 0
27 0 0 1 37 31 9 31 8 0 0 45 27 0 13 0 4 3 40 0 22 26 0 47 0 0 13 2 22 31
37 7 40 21 43 31 15 0 28 21 39 0 32 13 0 41 8 41 25 0 13 0 0 19 47 47 26 44 35 0
15 31 11 5 6 44 31 32 9 40 40 21 0 0 41 0 0 1 27 38 47 11 0 34 37 0 49 21 38 0
0 0 34 0 0 0 0 23 0 10 12 0 4 4 8 0 0 0 0 0 29 0 3 28 17 12 0 0 10 0
40 0 0 0 45 21 48 11 45 15 0 20 0 3 41 1 0 0 22 19 7 0 48 20 0 45 5 43 40 29
36 0 0 0 49 0 38 36 0 0 1 0 0 40 25 27 0 22 0 18 0 8 0 0 0 0 42 12 0 23
12 35 0 0 0 24 34 0 26 0 0 1 0 0 0 38 0 19 18 0 0 30 0 0 43 15 35 4 31 13
0 0 39 0 0 17 0 8 45 0 34 4 0 22 13 47 29 7 0 0 0 30 0 0 0 44 45 0 0 0
0 8 29 17 41 0 0 0 0 0 36 1 0 26 0 11 0 0 8 30 30 0 0 0 0 0 8 0 40 0
11 21 0 45 45 24 0 38 41 10 0 39 32 0 0 0 3 48 0 0 0 0 0 0 25 32 13 8 0 21
0 35 0 20 0 25 46 28 32 27 31 33 49 47 19 34 28 20 0 0 0 0 0 0 0 16 43 10 41 0
40 37 15 0 4 17 28 0 48 37 42 0 0 0 47 37 17 0 0 43 0 0 25 0 0 38 36 0 0 0
31 9 0 0 14 12 0 46 0 0 30 18 21 0 47 0 12 45 0 15 44 0 32 16 38 0 21 9 0 12
0 32 0 5 0 10 0 0 0 27 7 0 0 13 26 49 0 5 42 35 45 8 13 43 36 21 0 0 0 19
15 6 0 0 45 0 14 0 38 21 0 44 0 2 44 21 0 43 12 4 0 0 8 10 0 9 0 0 25 0
19 0 10 0 28 30 0 30 43 27 18 2 21 22 35 38 10 40 0 31 0 40 0 41 0 0 0 25 0 0
9 37 20 43 0 0 0 0 6 15 6 0 0 31 0 0 0 29 23 13 0 0 21 0 0 12 19 0 0 0

0 11 5 0 0 20 10 0 34 42 9 32 0 0 9 0 0 39 43 16 0 36 18 0 0 23 30 3 43 0
11 0 0 6 49 0 48 0 8 0 0 0 0 0 12 15 0 3 0 31 0 2 0 0 0 0 36 0 39 0
5 0 0 0 0 0 17 25 44 43 0 25 39 0 0 8 48 0 48 7 0 0 21 48 0 8 0 0 44 37
0 6 0 0 0 0 48 25 2 47 19 0 26 0 1 36 0 7 25 0 0 11 28 0 0 21 0 6 0 19
0 49 0 0 0 0 7 0 5 3 0 0 1 27 23 0 16 31 43 16 35 23 43 43 0 5 0 0 8 0
20 0 0 0 0 0 0 0 33 38 26 0 0 5 45 0 0 0 0 29 8 24 33 0 43 25 40 13 0 47
10 48 17 48 7 0 0 3 0 0 9 7 35 45 25 41 6 19 0 35 0 31 0 45 7 39 3 40 0 0
0 0 25 25 0 0 3 0 15 0 0 49 0 0 13 15 0 0 0 39 0 3 34 0 42 14 26 0 0 25
34 8 44 2 5 33 0 15 0 0 33 43 0 0 0 11 12 0 0 15 0 0 28 16 0 26 0 0 48 34
42 0 43 47 3 38 0 0 0 0 37 0 22 0 22 19 0 0 0 18 0 30 0 22 37 29 0 24 0 0
9 0 0 19 0 26 9 0 33 37 0 0 0 34 0 0 0 33 34 27 13 49 0 35 0 42 0 41 7 0
32 0 25 0 0 0 7 49 43 0 0 0 0 39 5 14 35 0 0 0 0 33 44 24 0 0 0 30 13 5
0 0 39 26 1 0 35 0 0 22 0 0 0 45 43 38 20 0 22 13 0 12 0 0 14 0 17 0 22 0
0 0 0 0 27 5 45 0 0 0 34 39 45 0 5 31 6 19 0 0 8 37 38 0 20 0 22 0 0 22
9 12 0 1 23 45 25 13 0 22 0 5 43 5 0 4 0 30 0 25 47 0 11 0 12 9 0 13 0 41
0 15 8 36 0 0 41 15 11 19 0 14 38 31 4 0 14 27 0 0 0 0 28 6 29 45 0 14 38 39
0 0 48 0 16 0 6 0 12 0 0 35 20 6 0 14 0 7 47 0 0 0 22 14 32 0 40 0 23 9
39 3 0 7 31 0 19 0 0 0 33 0 0 19 30 27 7 0 30 43 0 0 0 37 35 0 40 14 10 0
43 0 48 25 43 0 0 0 0 0 34 0 22 0 0 0 47 30 0 0 0 0 5 0 0 0 12 0 26 32
16 31 7 0 16 29 35 39 15 18 27 0 13 0 25 0 0 43 0 0 0 37 38 11 0 0 0 0 42 27
0 0 0 0 35 8 0 0 0 0 13 0 0 8 47 0 0 0 0 0 0 6 10 15 28 35 0 47 11 23
36 2 0 11 23 24 31 3 0 30 49 33 12 37 0 0 0 0 0 37 6 0 38 0 49 15 0 0 39 0
18 0 21 28 43 33 0 34 28 0 0 44 0 38 11 28 22 0 5 38 10 38 0 39 27 0 0 0 0 0
0 0 48 0 43 0 45 0 16 22 35 24 0 0 0 6 14 37 0 11 15 0 39 0 0 49 11 29 2 0
0 0 0 0 0 43 7 42 0 37 0 0 14 20 12 29 32 35 0 0 28 49 27 0 0 0 0 0 19 21
23 0 8 21 5 25 39 14 26 29 42 0 0 0 9 45 0 0 0 0 35 15 0 49 0 0 0 46 25 23
30 36 0 0 0 40 3 26 0 0 0 0 17 22 0 0 40 40 12 0 0 0 0 11 0 0 0 34 0 39
3 0 0 6 0 13 40 0 0 24 41 30 0 0 13 14 0 14 0 0 47 0 0 29 0 46 34 0 0 34
43 39 44 0 8 0 0 0 48 0 7 13 22 0 0 38 23 10 26 42 11 39 0 2 19 25 0 0 0 27
0 0 37 19 0 47 0 25 34 0 0 5 0 22 41 39 9 0 32 27 23 0 0 0 21 23 39 34 27 0

