30

0 0 28 39 0 40 29 25 39 0 18 26 0 9 0 23 14 8 0 0 0 0 26 6 47 3 29 0 29 35
0 0 7 0 0 13 0 0 0 12 0 0 0 0 0 30 0 0 4 0 1 49 0 0 14 3 28 44 0 0
28 7 0 2 0 0 0 23 3 0 3 15 18 0 0 13 35 0 0 48 0 42 0 46 0 21 30 0 0 0
39 0 2 0 6 0 0 26 45 6 0 25 1 0 14 44 43 0 42 0 23 2 0 6 3 43 15 10 27 30
0 0 0 6 0 18 14 0 41 45 31 0 0 2 22 1 0 5 19 0 18 43 0 45 41 0 14 0 28 24
40 13 0 0 18 0 7 0 37 0 5 48 24 0 0 0 3 15 0 0 43 0 0 12 30 0 0 19 10 8
29 0 0 0 14 7 0 0 28 0 31 22 0 48 0 41 4 12 0 39 3 1 29 2 23 14 5 0 0 0
25 0 23 26 0 0 0 0 36 4 30 0 28 23 0 7 0 0 19 11 48 26 9 43 0 41 0 0 0 12
39 0 3 45 41 37 28 36 0 9 0 46 24 10 22 15 3 23 23 0 0 0 0 24 42 0 0 48 43 0
0 12 0 6 45 0 0 4 9 0 13 29 47 0 0 0 0 0 0 25 31 20 49 0 28 34 41 19 43 18
18 0 3 0 31 5 31 30 0 13 0 0 0 0 0 7 31 0 19 30 25 37 0 42 0 15 33 0 5 0
26 0 15 25 0 48 22 0 46 29 0 0 42 21 2 6 44 28 0 41 33 26 39 0 0 1 3 43 0 0
0 0 18 1 0 24 0 28 24 47 0 42 0 23 0 0 0 21 12 44 0 0 22 0 0 0 0 0 18 0
9 0 0 0 2 0 48 23 10 0 0 21 23 0 7 9 42 41 27 0 0 0 49 46 35 0 29 39 15 0
0 0 0 14 22 0 0 0 22 0 0 2 0 7 0 45 44 0 1 38 21 0 42 0 0 36 35 6 25 7
23 30 13 44 1 0 41 7 15 0 7 6 0 9 45 0 5 0 0 0 23 19 0 36 0 0 0 2 38 0
14 0 35 43 0 3 4 0 3 0 31 44 0 42 44 5 0 0 28 29 0 0 0 34 0 49 31 5 0 0
8 0 0 0 5 15 12 0 23 0 0 28 21 41 0 0 0 0 0 0 0 0 24 0 0 0 0 34 36 47
0 4 0 42 19 0 0 19 23 0 19 0 12 27 1 0 28 0 0 0 0 26 0 48 34 0 48 0 27 0
0 0 48 0 0 0 39 11 0 25 30 41 44 0 38 0 29 0 0 0 15 13 0 48 0 0 49 0 40 0
0 1 0 23 18 43 3 48 0 31 25 33 0 0 21 23 0 0 0 15 0 47 45 0 39 10 25 0 16 44
0 49 42 2 43 0 1 26 0 20 37 26 0 0 0 19 0 0 26 13 47 0 4 0 0 41 0 25 24 14
26 0 0 0 0 0 29 9 0 49 0 39 22 49 42 0 0 24 0 0 45 4 0 17 49 0 32 7 35 0
6 0 46 6 45 12 2 43 24 0 42 0 0 46 0 36 34 0 48 48 0 0 17 0 32 49 0 0 14 0
47 14 0 3 41 30 23 0 42 28 0 0 0 35 0 0 0 0 34 0 39 0 49 32 0 48 44 10 0 8
3 3 21 43 0 0 14 41 0 34 15 1 0 0 36 0 49 0 0 0 10 41 0 49 48 0 6 0 29 0
29 28 30 15 14 0 5 0 0 41 33 3 0 29 35 0 31 0 48 49 25 0 32 0 44 6 0 42 0 25
0 44 0 10 0 19 0 0 48 19 0 43 0 39 6 2 5 34 0 0 0 25 7 0 10 0 42 0 0 18
29 0 0 27 28 10 0 0 43 43 5 0 18 15 25 38 0 36 27 40 16 24 35 14 0 29 0 0 0 48
35 0 0 30 24 8 0 12 0 18 0 0 0 0 7 0 0 47 0 0 44 14 0 0 8 0 25 18 48 0

0 19 0 38 2 29 20 47 0 23 42 19 48 31 0 17 0 44 32 0 0 15 21 36 14 48 31 31 0 44
19 0 0 29 0 0 35 0 37 23 42 0 10 0 43 0 0 0 15 28 30 0 0 48 0 10 1 0 0 0
0 0 0 32 48 23 0 3 32 0 0 29 0 0 0 0 19 0 27 6 9 25 0 0 9 0 0 0 0 19
38 29 32 0 33 17 23 0 0 35 21 10 15 0 0 0 7 0 47 0 31 0 14 0 0 41 0 1 0 20
2 0 48 33 0 23 0 0 0 33 6 0 0 0 21 1 3 0 0 0 29 0 24 46 47 39 0 0 0 33
29 0 23 17 23 0 10 0 26 10 0 0 28 46 41 34 0 0 26 0 11 0 0 0 0 0 16 18 8 0
20 35 0 23 0 10 0 29 0 1 0 0 0 26 30 1 43 0 0 43 28 0 0 25 0 0 1 27 0 0
47 0 3 0 0 0 29 0 34 25 0 29 0 16 0 0 48 48 5 46 0 0 0 0 0 0 0 0 0 11
0 37 32 0 0 26 0 34 0 0 0 0 18 44 0 0 48 0 27 0 22 6 30 0 0 0 5 12 0 24
23 23 0 35 33 10 1 25 0 0 0 7 21 0 0 0 0 5 0 6 20 0 15 3 6 0 27 0 32 39
42 42 0 21 6 0 0 0 0 0 0 0 0 0 47 24 34 34 0 28 26 0 24 8 46 0 0 22 0 0
19 0 29 10 0 0 0 29 0 7 0 0 0 34 31 0 0 16 21 2 41 0 0 27 0 0 39 39 17 25
48 10 0 15 0 28 0 0 18 21 0 0 0 0 33 35 0 0 0 33 31 0 0 48 26 22 48 0 44 30
31 0 0 0 0 46 26 16 44 0 0 34 0 0 6 0 28 29 36 41 34 5 0 16 47 0 44 0 26 0
0 43 0 0 21 41 30 0 0 0 47 31 33 6 0 43 35 10 42 0 4 18 9 0 36 36 10 0 32 21
17 0 0 0 1 34 1 0 0 0 24 0 35 0 43 0 4 6 49 0 0 0 0 0 24 0 0 0 3 33
0 0 19 7 3 0 43 48 48 0 34 0 0 28 35 4 0 0 32 0 19 48 0 40 0 45 11 34 0 45
44 0 0 0 0 0 0 48 0 5 34 16 0 29 10 6 0 0 0 3 0 7 0 0 20 49 36 32 44 11
32 15 27 47 0 26 0 5 27 0 0 21 0 36 42 49 32 0 0 0 0 33 30 40 48 0 0 11 0 0
0 28 6 0 0 0 43 46 0 6 28 2 33 41 0 0 0 3 0 0 20 39 0 11 42 29 24 49 12 35
0 30 9 31 29 11 28 0 22 20 26 41 31 34 4 0 19 0 0 20 0 48 9 18 0 41 0 0 0 0
15 0 25 0 0 0 0 0 6 0 0 0 0 5 18 0 48 7 33 39 48 0 20 3 35 36 0 0 3 46
21 0 0 14 24 0 0 0 30 15 24 0 0 0 9 0 0 0 30 0 9 20 0 0 17 19 0 42 37 0
36 48 0 0 46 0 25 0 0 3 8 27 48 16 0 0 40 0 40 11 18 3 0 0 13 0 0 22 22 14
14 0 9 0 47 0 0 0 0 6 46 0 26 47 36 24 0 20 48 42 0 35 17 13 0 0 0 0 28 0
48 10 0 41 39 0 0 0 0 0 0 0 22 0 36 0 45 49 0 29 41 36 19 0 0 0 0 1 6 0
31 1 0 0 0 16 1 0 5 27 0 39 48 44 10 0 11 36 0 24 0 0 0 0 0 0 0 0 0 0
31 0 0 1 0 18 27 0 12 0 22 39 0 0 0 0 34 32 11 49 0 0 42 22 0 1 0 0 14 16
0 0 0 0 0 8 0 0 0 32 0 17 44 26 32 3 0 44 0 12 0 3 37 22 28 6 0 14 0 0
44 0 19 20 33 0 0 11 24 39 0 25 30 0 21 33 45 11 0 35 0 46 0 14 0 0 0 16 0 0

