30

0 0 19 0 16 39 26 49 0 44 23 31 3 0 45 42 0 0 41 34 0 0 0 0 0 0 6 5 0 5
0 0 47 35 0 26 1 0 0 9 16 0 0 0 30 43 17 11 23 0 25 0 0 44 0 10 0 3 0 11
19 47 0 0 47 8 49 44 0 0 12 31 0 8 5 12 42 0 12 6 17 6 24 0 1 0 12 0 0 9
0 35 0 0 33 13 5 0 9 2 0 45 24 21 0 41 0 6 46 0 43 18 0 11 27 0 0 0 23 9
16 0 47 33 0 0 8 11 29 39 0 40 34 21 0 0 0 0 23 17 19 43 0 0 0 0 47 25 17 0
39 26 8 13 0 0 0 21 4 39 11 18 16 17 0 27 0 40 46 0 0 5 36 27 32 44 40 36 24 0
26 1 49 5 8 0 0 0 0 0 0 0 24 19 42 28 27 0 49 0 29 11 0 49 22 49 0 0 36 6
49 0 44 0 11 21 0 0 20 20 0 0 29 38 32 16 0 0 20 0 38 18 0 0 24 49 7 0 0 30
0 0 0 9 29 4 0 20 0 7 0 40 0 0 1 32 0 0 0 42 0 3 10 49 0 9 0 5 35 0
44 9 0 2 39 39 0 20 7 0 0 0 23 14 0 0 28 46 33 47 29 0 44 0 0 3 0 6 35 34
23 16 12 0 0 11 0 0 0 0 0 0 0 8 21 12 13 0 13 24 0 3 0 0 0 28 7 0 2 0
31 0 31 45 40 18 0 0 40 0 0 0 24 46 0 0 0 0 12 6 0 46 0 25 0 0 20 22 0 33
3 0 0 24 34 16 24 29 0 23 0 24 0 1 0 0 0 34 13 9 0 27 38 24 46 26 34 40 0 25
0 0 8 21 21 17 19 38 0 14 8 46 1 0 0 18 18 45 20 30 0 15 15 0 0 0 22 21 0 20
45 30 5 0 0 0 42 32 1 0 21 0 0 0 0 5 0 48 0 42 6 12 32 35 29 18 0 39 47 0
42 43 12 41 0 27 28 16 32 0 12 0 0 18 5 0 0 0 0 0 22 0 40 2 43 48 0 0 0 0
0 17 42 0 0 0 27 0 0 28 13 0 0 18 0 0 0 47 0 0 16 5 0 29 3 0 34 46 11 8
0 11 0 6 0 40 0 0 0 46 0 0 34 45 48 0 47 0 31 0 6 35 24 0 0 0 16 36 26 44
41 23 12 46 23 46 49 20 0 33 13 12 13 20 0 0 0 31 0 0 34 34 24 23 16 19 0 47 22 10
34 0 6 0 17 0 0 0 42 47 24 6 9 30 42 0 0 0 0 0 37 40 16 0 45 10 28 46 24 34
0 25 17 43 19 0 29 38 0 29 0 0 0 0 6 22 16 6 34 37 0 33 0 3 24 8 29 20 0 40
0 0 6 18 43 5 11 18 3 0 3 46 27 15 12 0 5 35 34 40 33 0 0 0 24 0 26 48 0 19
0 0 24 0 0 36 0 0 10 44 0 0 38 15 32 40 0 24 24 16 0 0 0 19 24 18 38 0 12 33
0 44 0 11 0 27 49 0 49 0 0 25 24 0 35 2 29 0 23 0 3 0 19 0 0 27 27 33 24 0
0 0 1 27 0 32 22 24 0 0 0 0 46 0 29 43 3 0 16 45 24 24 24 0 0 0 29 0 28 0
0 10 0 0 0 44 49 49 9 3 28 0 26 0 18 48 0 0 19 10 8 0 18 27 0 0 39 17 16 0
6 0 12 0 47 40 0 7 0 0 7 20 34 22 0 0 34 16 0 28 29 26 38 27 29 39 0 8 44 0
5 3 0 0 25 36 0 0 5 6 0 22 40 21 39 0 46 36 47 46 20 48 0 33 0 17 8 0 3 34
0 0 0 23 17 24 36 0 35 35 2 0 0 0 47 0 11 26 22 24 0 0 12 24 28 16 44 3 0 42
5 11 9 9 0 0 6 30 0 34 0 33 25 20 0 0 8 44 10 34 40 19 33 0 0 0 0 34 42 0

0 0 39 38 16 0 3 45 3 47 0 0 34 44 0 0 0 0 45 7 0 26 0 0 43 6 0 3 0 0
0 0 0 21 18 15 0 0 0 38 16 29 33 0 44 21 47 46 2 2 36 20 20 12 0 0 0 10 0 33
39 0 0 24 28 5 35 49 43 0 0 27 30 0 15 13 0 8 0 18 0 0 36 10 0 28 28 0 18 26
38 21 24 0 20 48 28 0 0 39 0 0 0 0 40 0 25 45 14 0 0 0 41 20 0 0 39 0 8 39
16 18 28 20 0 44 20 12 49 7 30 36 30 4 0 42 40 35 43 0 30 0 0 0 35 0 35 30 0 0
0 15 5 48 44 0 39 0 0 4 32 37 5 46 1 0 0 32 29 0 0 0 0 0 28 0 0 9 39 0
3 0 35 28 20 39 0 0 45 26 5 0 0 0 3 5 0 0 0 42 0 12 0 0 0 38 12 32 38 43
45 0 49 0 12 0 0 0 22 0 33 35 43 9 44 34 0 9 42 48 48 38 0 0 38 49 33 0 27 47
3 0 43 0 49 0 45 22 0 26 38 29 0 0 26 34 44 44 44 27 44 23 31 21 0 46 0 11 20 0
47 38 0 39 7 4 26 0 26 0 0 0 2 0 34 38 0 0 43 0 0 4 0 24 0 0 14 0 40 45
0 16 0 0 30 32 5 33 38 0 0 0 0 29 0 28 2 13 24 0 0 0 1 0 16 18 9 40 34 0
0 29 27 0 36 37 0 35 29 0 0 0 47 8 28 0 0 0 0 0 7 0 22 14 16 0 14 42 8 0
34 33 30 0 30 5 0 43 0 2 0 47 0 28 0 30 0 39 10 0 4 35 8 15 0 31 32 0 0 1
44 0 0 0 4 46 0 9 0 0 29 8 28 0 41 0 15 25 34 0 48 0 0 39 0 0 0 0 0 17
0 44 15 40 0 1 3 44 26 34 0 28 0 41 0 46 0 0 38 48 0 0 4 14 3 0 42 0 0 31
0 21 13 0 42 0 5 34 34 38 28 0 30 0 46 0 20 34 0 0 8 42 0 8 9 48 49 0 19 0
0 47 0 25 40 0 0 0 44 0 2 0 0 15 0 20 0 0 0 0 0 0 0 11 45 1 9 26 0 0
0 46 8 45 35 32 0 9 44 0 13 0 39 25 0 34 0 0 0 0 0 0 34 0 21 0 19 6 0 16
45 2 0 14 43 29 0 42 44 43 24 0 10 34 38 0 0 0 0 23 0 0 0 34 0 45 0 0 4 39
7 2 18 0 0 0 42 48 27 0 0 0 0 0 48 0 0 0 23 0 27 0 0 0 15 0 0 6 15 0
0 36 0 0 30 0 0 48 44 0 0 7 4 48 0 8 0 0 0 27 0 0 48 10 23 0 0 0 47 0
26 20 0 0 0 0 12 38 23 4 0 0 35 0 0 42 0 0 0 0 0 0 0 16 0 43 0 0 0 31
0 20 36 41 0 0 0 0 31 0 1 22 8 0 4 0 0 34 0 0 48 0 0 5 0 36 26 47 2 28
0 12 10 20 0 0 0 0 21 24 0 14 15 39 14 8 11 0 34 0 10 16 5 0 0 0 0 13 0 0
43 0 0 0 35 28 0 38 0 0 16 16 0 0 3 9 45 21 0 15 23 0 0 0 0 0 0 47 16 23
6 0 28 0 0 0 38 49 46 0 18 0 31 0 0 48 1 0 45 0 0 43 36 0 0 0 4 0 0 1
0 0 28 39 35 0 12 33 0 14 9 14 32 0 42 49 9 19 0 0 0 0 26 0 0 4 0 15 16 29
3 10 0 0 30 9 32 0 11 0 40 42 0 0 0 0 26 6 0 6 0 0 47 13 47 0 15 0 0 0
0 0 18 8 0 39 38 27 20 40 34 8 0 0 0 19 0 0 4 15 47 0 2 0 16 0 16 0 0 0
0 33 26 39 0 0 43 47 0 45 0 0 1 17 31 0 0 16 39 0 0 31 28 0 23 1 29 0 0 0

