30

0 4 33 0 42 19 13 0 0 4 7 13 0 28 27 35 16 29 2 32 4 19 44 7 36 19 48 5 5 8
4 0 18 0 0 33 0 4 0 48 40 47 11 0 44 19 34 0 0 33 0 24 21 25 0 34 11 36 7 0
33 18 0 0 41 37 5 0 1 0 31 0 42 0 4 0 29 33 5 6 11 24 42 0 33 0 28 43 41 0
0 0 0 0 0 5 0 8 0 40 0 0 30 23 0 0 0 0 15 21 31 0 35 29 0 21 0 0 0 6
42 0 41 0 0 20 25 30 0 43 32 17 7 17 0 14 36 39 37 0 8 49 37 0 22 0 2 28 0 32
19 33 37 5 20 0 3 13 0 28 0 0 0 48 0 17 37 32 0 0 0 39 22 6 25 3 22 42 41 20
13 0 5 0 25 3 0 0 20 36 22 0 0 0 0 0 0 22 21 0 0 0 24 43 0 34 25 22 20 21
0 4 0 8 30 13 0 0 2 9 37 0 16 46 0 0 0 0 0 1 35 0 31 0 0 0 24 21 0 0
0 0 1 0 0 0 20 2 0 0 35 23 0 24 0 0 0 31 33 27 47 0 0 15 25 0 11 43 2 0
4 48 0 40 43 28 36 9 0 0 0 0 0 27 5 27 0 13 0 19 0 0 0 0 0 0 0 39 18 31
7 40 31 0 32 0 22 37 35 0 0 39 22 39 0 2 34 14 44 19 42 34 0 46 38 4 0 26 3 34
13 47 0 0 17 0 0 0 23 0 39 0 12 0 14 21 4 0 34 27 28 5 0 0 0 18 0 49 40 9
0 11 42 30 7 0 0 16 0 0 22 12 0 16 0 27 6 0 1 0 0 30 0 0 7 11 5 22 14 46
28 0 0 23 17 48 0 46 24 27 39 0 16 0 0 0 14 0 4 42 0 2 41 0 0 43 0 19 10 6
27 44 4 0 0 0 0 0 0 5 0 14 0 0 0 34 22 0 9 48 0 0 33 0 0 11 0 7 0 0
35 19 0 0 14 17 0 0 0 27 2 21 27 0 34 0 37 0 0 26 0 9 0 41 19 10 17 46 6 25
16 34 29 0 36 37 0 0 0 0 34 4 6 14 22 37 0 0 2 33 47 44 21 0 0 0 13 29 0 4
29 0 33 0 39 32 22 0 31 13 14 0 0 0 0 0 0 0 0 38 43 45 18 44 48 28 0 0 0 0
2 0 5 15 37 0 21 0 33 0 44 34 1 4 9 0 2 0 0 0 38 0 0 0 47 0 14 14 45 6
32 33 6 21 0 0 0 1 27 19 19 27 0 42 48 26 33 38 0 0 34 14 0 48 0 40 0 21 24 0
4 0 11 31 8 0 0 35 47 0 42 28 0 0 0 0 47 43 38 34 0 0 0 6 15 0 0 0 20 37
19 24 24 0 49 39 0 0 0 0 34 5 30 2 0 9 44 45 0 14 0 0 0 0 29 29 1 8 0 10
44 21 42 35 37 22 24 31 0 0 0 0 0 41 33 0 21 18 0 0 0 0 0 40 0 43 0 29 19 44
7 25 0 29 0 6 43 0 15 0 46 0 0 0 0 41 0 44 0 48 6 0 40 0 43 0 0 41 0 0
36 0 33 0 22 25 0 0 25 0 38 0 7 0 0 19 0 48 47 0 15 29 0 43 0 0 41 38 27 35
19 34 0 21 0 3 34 0 0 0 4 18 11 43 11 10 0 28 0 40 0 29 43 0 0 0 1 46 0 31
48 11 28 0 2 22 25 24 11 0 0 0 5 0 0 17 13 0 14 0 0 1 0 0 41 1 0 45 30 36
5 36 43 0 28 42 22 21 43 39 26 49 22 19 7 46 29 0 14 21 0 8 29 41 38 46 45 0 0 0
5 7 41 0 0 41 20 0 2 18 3 40 14 10 0 6 0 0 45 24 20 0 19 0 27 0 30 0 0 0
8 0 0 6 32 20 21 0 0 31 34 9 46 6 0 25 4 0 6 0 37 10 44 0 35 31 36 0 0 0

0 10 16 0 0 29 0 49 19 25 0 45 0 40 47 0 2 46 0 0 36 8 3 27 24 0 8 35 19 0
10 0 19 23 7 0 13 40 40 0 9 0 8 0 0 0 30 35 17 46 0 0 0 0 27 13 0 29 0 0
16 19 0 11 10 0 0 0 7 48 29 22 6 37 30 39 13 0 19 15 0 42 17 0 0 0 9 35 0 49
0 23 11 0 0 10 0 48 16 36 36 4 0 0 30 38 21 11 40 6 32 10 49 15 38 0 0 0 19 35
0 7 10 0 0 38 29 1 0 1 45 20 0 0 37 13 0 37 31 17 45 0 0 0 21 27 0 0 39 0
29 0 0 10 38 0 14 0 0 7 0 0 47 14 45 40 40 9 4 46 27 10 9 0 10 3 0 34 0 4
0 13 0 0 29 14 0 4 25 43 0 47 33 46 0 12 11 13 0 0 35 41 0 0 0 24 35 0 36 0
49 40 0 48 1 0 4 0 0 0 11 0 0 0 37 39 39 0 0 7 22 0 0 0 0 0 48 43 0 0
19 40 7 16 0 0 25 0 0 0 1 48 0 34 0 29 0 38 8 0 36 27 26 33 20 17 0 2 14 38
25 0 48 36 1 7 43 0 0 0 27 13 16 0 0 15 37 26 0 0 0 0 27 0 10 0 0 41 24 0
0 9 29 36 45 0 0 11 1 27 0 0 0 0 2 49 0 0 49 15 0 37 0 0 34 9 29 25 0 22
45 0 22 4 20 0 47 0 48 13 0 0 24 22 39 0 32 42 20 49 18 19 0 0 35 0 41 39 26 0
0 8 6 0 0 47 33 0 0 16 0 24 0 0 0 8 0 42 0 0 0 0 13 0 46 32 0 0 0 35
40 0 37 0 0 14 46 0 34 0 0 22 0 0 8 14 48 27 7 9 26 37 19 0 2 14 4 8 17 0
47 0 30 30 37 45 0 37 0 0 2 39 0 8 0 24 39 21 13 0 38 22 0 31 19 40 37 0 24 17
0 0 39 38 13 40 12 39 29 15 49 0 8 14 24 0 0 13 18 0 0 10 0 10 14 0 23 33 15 36
2 30 13 21 0 40 11 39 0 37 0 32 0 48 39 0 0 11 0 0 0 0 22 0 15 0 0 48 0 32
46 35 0 11 37 9 13 0 38 26 0 42 42 27 21 13 11 0 0 0 9 43 4 7 0 7 0 12 6 32
0 17 19 40 31 4 0 0 8 0 49 20 0 7 13 18 0 0 0 8 15 0 0 0 0 37 0 0 48 21
0 46 15 6 17 46 0 7 0 0 15 49 0 9 0 0 0 0 8 0 10 7 0 0 0 16 0 0 0 0
36 0 0 32 45 27 35 22 36 0 0 18 0 26 38 0 0 9 15 10 0 38 27 47 41 8 8 5 17 36
8 0 42 10 0 10 41 0 27 0 37 19 0 37 22 10 0 43 0 7 38 0 0 0 0 26 38 49 0 0
3 0 17 49 0 9 0 0 26 27 0 0 13 19 0 0 22 4 0 0 27 0 0 16 24 0 0 26 28 0
27 0 0 15 0 0 0 0 33 0 0 0 0 0 31 10 0 7 0 0 47 0 16 0 16 38 43 20 22 35
24 27 0 38 21 10 0 0 20 10 34 35 46 2 19 14 15 0 0 0 41 0 24 16 0 30 0 26 44 0
0 13 0 0 27 3 24 0 17 0 9 0 32 14 40 0 0 7 37 16 8 26 0 38 30 0 23 29 0 11
8 0 9 0 0 0 35 48 0 0 29 41 0 4 37 23 0 0 0 0 8 38 0 43 0 23 0 0 41 0
35 29 35 0 0 34 0 43 2 41 25 39 0 8 0 33 48 12 0 0 5 49 26 20 26 29 0 0 4 20
19 0 0 19 39 0 36 0 14 24 0 26 0 17 24 15 0 6 48 0 17 0 28 22 44 0 41 4 0 0
0 0 49 35 0 4 0 0 38 0 22 0 35 0 17 36 32 32 21 0 36 0 0 35 0 11 0 20 0 0

