30

0 0 0 20 31 0 37 27 19 0 0 12 31 6 29 1 4 0 8 17 0 22 5 46 0 9 0 31 25 38
0 0 0 33 33 25 0 19 16 0 0 35 18 36 0 45 0 0 0 1 29 0 31 6 29 43 40 31 0 5
0 0 0 30 23 40 0 18 20 25 39 0 34 0 0 0 0 0 41 0 0 0 0 46 0 0 0 0 0 28
20 33 30 0 0 0 7 16 0 0 0 0 25 0 0 0 49 0 0 9 8 44 36 0 0 26 14 32 19 29
31 33 23 0 0 20 20 0 0 28 0 33 25 0 32 37 47 36 0 0 49 19 15 49 5 28 20 0 0 0
0 25 40 0 20 0 0 36 0 36 34 38 11 41 29 39 24 26 23 6 0 28 37 6 26 0 48 0 21 41
37 0 0 7 20 0 0 0 11 30 12 0 8 0 0 10 0 36 0 17 22 49 0 6 14 39 22 3 0 3
27 19 18 16 0 36 0 0 0 28 20 44 15 9 40 2 0 0 28 41 40 32 0 42 3 1 49 34 0 46
19 16 20 0 0 0 11 0 0 0 27 0 44 48 46 26 16 7 42 17 44 8 22 39 6 36 0 0 0 24
0 0 25 0 28 36 30 28 0 0 0 3 0 0 41 0 17 40 39 31 0 0 8 0 0 0 21 20 30 26
0 0 39 0 0 34 12 20 27 0 0 0 0 32 49 46 28 14 37 0 0 1 0 35 15 0 0 28 45 45
12 35 0 0 33 38 0 44 0 3 0 0 28 0 14 8 33 0 0 0 9 0 43 0 10 0 0 48 0 21
31 18 34 25 25 11 8 15 44 0 0 28 0 11 24 24 14 0 0 0 0 41 11 5 31 0 6 4 0 15
6 36 0 0 0 41 0 9 48 0 32 0 11 0 0 0 42 0 17 0 0 26 26 0 0 0 6 48 30 0
29 0 0 0 32 29 0 40 46 41 49 14 24 0 0 10 39 0 9 0 0 29 1 4 23 15 3 0 49 31
1 45 0 0 37 39 10 2 26 0 46 8 24 0 10 0 41 0 41 45 14 0 24 11 0 48 45 35 0 1
4 0 0 49 47 24 0 0 16 17 28 33 14 42 39 41 0 0 11 0 0 9 0 28 33 0 41 0 38 0
0 0 0 0 36 26 36 0 7 40 14 0 0 0 0 0 0 0 0 49 48 0 15 0 32 1 0 6 0 33
8 0 41 0 0 23 0 28 42 39 37 0 0 17 9 41 11 0 0 0 1 18 1 42 10 7 2 0 19 28
17 1 0 9 0 6 17 41 17 31 0 0 0 0 0 45 0 49 0 0 29 0 0 0 37 17 24 45 24 13
0 29 0 8 49 0 22 40 44 0 0 9 0 0 0 14 0 48 1 29 0 0 0 11 3 8 5 12 0 0
22 0 0 44 19 28 49 32 8 0 1 0 41 26 29 0 9 0 18 0 0 0 0 0 44 22 5 48 9 0
5 31 0 36 15 37 0 0 22 8 0 43 11 26 1 24 0 15 1 0 0 0 0 0 1 0 1 0 29 38
46 6 46 0 49 6 6 42 39 0 35 0 5 0 4 11 28 0 42 0 11 0 0 0 24 3 6 28 0 0
0 29 0 0 5 26 14 3 6 0 15 10 31 0 23 0 33 32 10 37 3 44 1 24 0 20 15 17 0 44
9 43 0 26 28 0 39 1 36 0 0 0 0 0 15 48 0 1 7 17 8 22 0 3 20 0 0 47 47 13
0 40 0 14 20 48 22 49 0 21 0 0 6 6 3 45 41 0 2 24 5 5 1 6 15 0 0 36 0 0
31 31 0 32 0 0 3 34 0 20 28 48 4 48 0 35 0 6 0 45 12 48 0 28 17 47 36 0 6 5
25 0 0 19 0 21 0 0 0 30 45 0 0 30 49 0 38 0 19 24 0 9 29 0 0 47 0 6 0 0
38 5 28 29 0 41 3 46 24 26 45 21 15 0 31 1 0 33 28 13 0 0 38 0 44 13 0 5 0 0

0 1 0 25 45 36 6 20 0 0 0 32 3 0 0 0 44 0 0 46 0 1 0 5 34 30 0 0 0 0
1 0 49 1 20 0 0 3 0 0 0 0 0 45 20 0 29 35 36 0 2 38 10 17 0 8 29 49 16 0
0 49 0 13 0 3 48 24 0 0 0 0 43 4 29 9 45 0 0 34 9 30 0 0 4 41 27 8 0 40
25 1 13 0 0 0 0 4 36 9 0 0 15 24 0 0 3 36 41 5 41 31 1 37 13 7 0 26 0 19
45 20 0 0 0 0 27 0 0 0 18 26 42 0 2 4 0 0 22 44 26 0 0 0 0 29 0 0 0 25
36 0 3 0 0 0 0 0 20 5 42 0 0 25 0 16 0 0 24 47 46 36 13 47 31 5 7 0 2 0
6 0 48 0 27 0 0 9 0 0 36 27 0 0 0 43 7 0 0 35 21 7 0 9 0 3 42 0 0 0
20 3 24 4 0 0 9 0 0 42 0 35 8 0 0 23 24 45 0 0 39 15 12 30 21 39 7 29 0 34
0 0 0 36 0 20 0 0 0 42 0 0 24 0 0 0 9 7 0 1 0 0 23 41 17 0 0 21 0 0
0 0 0 9 0 5 0 42 42 0 35 0 5 38 42 28 0 0 0 47 22 48 0 29 9 15 15 11 0 0
0 0 0 0 18 42 36 0 0 35 0 0 15 0 0 0 0 35 7 0 0 7 6 49 31 32 0 0 28 25
32 0 0 0 26 0 27 35 0 0 0 0 15 30 0 36 12 0 0 15 40 0 36 0 6 40 0 20 44 0
3 0 43 15 42 0 0 8 24 5 15 15 0 0 19 0 49 36 42 2 4 0 46 34 0 30 36 0 3 45
0 45 4 24 0 25 0 0 0 38 0 30 0 0 29 0 1 0 35 0 0 0 21 0 33 0 0 0 41 0
0 20 29 0 2 0 0 0 0 42 0 0 19 29 0 2 0 0 11 0 0 49 35 15 27 27 24 0 49 0
0 0 9 0 4 16 43 23 0 28 0 36 0 0 2 0 0 0 0 20 16 11 26 23 17 3 0 31 13 0
44 29 45 3 0 0 7 24 9 0 0 12 49 1 0 0 0 0 46 0 4 14 0 35 25 20 9 18 33 31
0 35 0 36 0 0 0 45 7 0 35 0 36 0 0 0 0 0 45 19 0 45 0 0 8 0 35 32 47 0
0 36 0 41 22 24 0 0 0 0 7 0 42 35 11 0 46 45 0 36 10 44 41 17 8 8 23 0 0 0
46 0 34 5 44 47 35 0 1 47 0 15 2 0 0 20 0 19 36 0 49 0 0 8 33 0 49 0 0 0
0 2 9 41 26 46 21 39 0 22 0 40 4 0 0 16 4 0 10 49 0 18 0 8 7 0 35 0 5 35
1 38 30 31 0 36 7 15 0 48 7 0 0 0 49 11 14 45 44 0 18 0 0 23 0 0 16 0 42 0
0 10 0 1 0 13 0 12 23 0 6 36 46 21 35 26 0 0 41 0 0 0 0 39 0 0 30 5 6 0
5 17 0 37 0 47 9 30 41 29 49 0 34 0 15 23 35 0 17 8 8 23 39 0 27 47 0 19 17 4
34 0 4 13 0 31 0 21 17 9 31 6 0 33 27 17 25 8 8 33 7 0 0 27 0 39 0 0 23 39
30 8 41 7 29 5 3 39 0 15 32 40 30 0 27 3 20 0 8 0 0 0 0 47 39 0 35 0 26 39
0 29 27 0 0 7 42 7 0 15 0 0 36 0 24 0 9 35 23 49 35 16 30 0 0 35 0 18 0 13
0 49 8 26 0 0 0 29 21 11 0 20 0 0 0 31 18 32 0 0 0 0 5 19 0 0 18 0 0 0
0 16 0 0 0 2 0 0 0 0 28 44 3 41 49 13 33 47 0 0 5 42 6 17 23 26 0 0 0 45
0 0 40 19 25 0 0 34 0 0 25 0 45 0 0 0 31 0 0 0 35 0 0 4 39 39 13 0 45 0

