30

0 30 46 44 37 0 0 0 21 0 0 16 3 23 3 27 0 44 43 24 13 40 34 24 11 0 0 0 0 0
30 0 9 0 25 0 11 0 40 0 0 28 11 0 5 13 0 15 46 20 0 43 13 0 0 0 46 40 0 3
46 9 0 22 36 0 21 0 11 20 0 0 48 2 3 0 0 16 0 19 22 39 0 39 14 0 0 38 0 29
44 0 22 0 0 46 0 47 0 48 0 41 0 20 0 29 0 0 0 8 0 0 0 43 34 12 0 0 0 0
37 25 36 0 0 0 0 0 0 0 22 16 0 31 2 8 30 39 6 33 0 45 47 0 31 0 0 0 27 0
0 0 0 46 0 0 29 0 0 0 0 0 7 0 14 0 21 0 35 0 0 3 0 0 0 13 0 0 28 0
0 11 21 0 0 29 0 0 37 41 8 39 0 41 37 0 0 0 40 0 0 23 0 13 34 0 0 20 11 25
0 0 0 47 0 0 0 0 2 40 0 16 39 0 49 35 0 25 0 47 43 16 0 0 32 23 4 4 0 0
21 40 11 0 0 0 37 2 0 0 0 0 36 0 12 10 41 40 10 33 32 44 0 0 0 0 7 30 0 35
0 0 20 48 0 0 41 40 0 0 37 10 48 0 6 0 0 49 0 0 0 7 38 0 19 36 0 0 23 17
0 0 0 0 22 0 8 0 0 37 0 39 12 0 0 49 5 0 18 6 19 0 0 0 16 42 0 13 0 0
16 28 0 41 16 0 39 16 0 10 39 0 0 0 3 0 0 13 25 13 0 48 29 41 0 30 0 38 46 0
3 11 48 0 0 7 0 39 36 48 12 0 0 25 15 45 17 26 0 20 37 33 0 44 0 0 41 40 49 16
23 0 2 20 31 0 41 0 0 0 0 0 25 0 32 45 49 48 2 0 0 0 5 20 18 35 0 0 0 0
3 5 3 0 2 14 37 49 12 6 0 3 15 32 0 40 31 35 49 11 35 16 45 0 17 41 0 1 38 15
27 13 0 29 8 0 0 35 10 0 49 0 45 45 40 0 8 37 0 3 44 0 46 0 22 0 0 0 40 1
0 0 0 0 30 21 0 0 41 0 5 0 17 49 31 8 0 30 29 31 0 0 0 0 34 47 36 0 47 12
44 15 16 0 39 0 0 25 40 49 0 13 26 48 35 37 30 0 17 45 0 0 33 19 0 0 40 0 0 22
43 46 0 0 6 35 40 0 10 0 18 25 0 2 49 0 29 17 0 3 0 28 49 5 0 0 33 0 42 19
24 20 19 8 33 0 0 47 33 0 6 13 20 0 11 3 31 45 3 0 0 30 0 47 0 37 0 0 0 47
13 0 22 0 0 0 0 43 32 0 19 0 37 0 35 44 0 0 0 0 0 0 0 41 0 20 0 29 1 45
40 43 39 0 45 3 23 16 44 7 0 48 33 0 16 0 0 0 28 30 0 0 28 37 0 0 0 42 12 2
34 13 0 0 47 0 0 0 0 38 0 29 0 5 45 46 0 33 49 0 0 28 0 1 48 30 0 20 0 0
24 0 39 43 0 0 13 0 0 0 0 41 44 20 0 0 0 19 5 47 41 37 1 0 0 0 0 8 17 22
11 0 14 34 31 0 34 32 0 19 16 0 0 18 17 22 34 0 0 0 0 0 48 0 0 0 0 29 35 9
0 0 0 12 0 13 0 23 0 36 42 30 0 35 41 0 47 0 0 37 20 0 30 0 0 0 8 31 0 0
0 46 0 0 0 0 0 4 7 0 0 0 41 0 0 0 36 40 33 0 0 0 0 0 0 8 0 0 19 1
0 40 38 0 0 0 20 4 30 0 13 38 40 0 1 0 0 0 0 0 29 42 20 8 29 31 0 0 21 31
0 0 0 0 27 28 11 0 0 23 0 46 49 0 38 40 47 0 42 0 1 12 0 17 35 0 19 21 0 48
0 3 29 0 0 0 25 0 35 17 0 0 16 0 15 1 12 22 19 47 45 2 0 22 9 0 1 31 48 0

0 0 39 20 49 45 32 28 40 0 0 44 33 0 0 21 42 16 35 29 0 26 0 10 25 30 0 10 0 0
0 0 13 0 0 0 14 26 5 0 31 6 24 0 39 0 0 0 0 7 0 39 4 11 0 10 18 0 24 35
39 13 0 5 0 0 45 0 36 0 25 0 0 35 0 13 26 1 40 0 0 26 0 44 3 0 0 45 18 0
20 0 5 0 29 49 21 0 13 37 12 0 0 0 24 0 0 0 6 0 5 18 14 0 0 0 0 4 0 0
49 0 0 29 0 0 38 5 0 0 36 0 3 0 3 4 39 45 0 0 0 10 33 8 41 4 23 14 41 0
45 0 0 49 0 0 5 0 4 2 29 35 0 0 9 13 17 24 23 0 12 36 0 0 38 49 14 0 0 7
32 14 45 21 38 5 0 21 10 28 3 22 31 35 9 47 29 0 25 0 0 6 35 49 23 0 11 0 9 0
28 26 0 0 5 0 21 0 0 0 21 2 27 22 33 28 42 0 15 0 0 30 0 0 13 31 15 18 0 0
40 5 36 13 0 4 10 0 0 41 18 0 0 0 21 26 28 0 26 30 28 40 0 23 8 17 0 0 0 46
0 0 0 37 0 2 28 0 41 0 29 32 0 0 0 0 0 33 0 0 37 0 25 27 33 0 0 40 48 49
0 31 25 12 36 29 3 21 18 29 0 0 8 0 18 19 0 0 27 40 29 0 16 33 28 30 0 25 0 0
44 6 0 0 0 35 22 2 0 32 0 0 0 0 24 0 17 0 0 0 22 0 23 49 0 0 10 3 0 43
33 24 0 0 3 0 31 27 0 0 8 0 0 14 10 34 10 33 34 0 32 23 26 0 1 0 0 24 32 21
0 0 35 0 0 0 35 22 0 0 0 0 14 0 42 0 0 0 0 18 0 2 0 0 44 11 22 7 0 0
0 39 0 24 3 9 9 33 21 0 18 24 10 42 0 5 30 22 0 40 0 0 0 44 47 45 18 12 0 2
21 0 13 0 4 13 47 28 26 0 19 0 34 0 5 0 0 9 20 0 0 3 14 0 12 32 29 0 25 40
42 0 26 0 39 17 29 42 28 0 0 17 10 0 30 0 0 0 23 30 0 0 49 0 28 15 0 0 0 0
16 0 1 0 45 24 0 0 0 33 0 0 33 0 22 9 0 0 0 0 0 37 0 0 0 10 0 8 0 43
35 0 40 6 0 23 25 15 26 0 27 0 34 0 0 20 23 0 0 18 18 0 30 0 48 7 4 20 43 16
29 7 0 0 0 0 0 0 30 0 40 0 0 18 40 0 30 0 18 0 0 24 0 3 0 0 0 26 2 9
0 0 0 5 0 12 0 0 28 37 29 22 32 0 0 0 0 0 18 0 0 20 0 8 0 0 18 15 2 8
26 39 26 18 10 36 6 30 40 0 0 0 23 2 0 3 0 37 0 24 20 0 2 0 6 24 0 23 13 0
0 4 0 14 33 0 35 0 0 25 16 23 26 0 0 14 49 0 30 0 0 2 0 0 0 11 0 0 0 0
10 11 44 0 8 0 49 0 23 27 33 49 0 0 44 0 0 0 0 3 8 0 0 0 19 0 27 0 25 0
25 0 3 0 41 38 23 13 8 33 28 0 1 44 47 12 28 0 48 0 0 6 0 19 0 3 46 0 23 39
30 10 0 0 4 49 0 31 17 0 30 0 0 11 45 32 15 10 7 0 0 24 11 0 3 0 5 0 0 20
0 18 0 0 23 14 11 15 0 0 0 10 0 22 18 29 0 0 4 0 18 0 0 27 46 5 0 0 0 0
10 0 45 4 14 0 0 18 0 40 25 3 24 7 12 0 0 8 20 26 15 23 0 0 0 0 0 0 0 14
0 24 18 0 41 0 9 0 0 48 0 0 32 0 0 25 0 0 43 2 2 13 0 25 23 0 0 0 0 0
0 35 0 0 0 7 0 0 46 49 0 43 21 0 2 40 0 43 16 9 8 0 0 0 39 20 0 14 0 0

