30

0 21 16 0 34 23 22 0 11 38 0 0 0 0 1 20 0 24 29 14 7 0 27 0 49 36 48 24 0 0
21 0 7 0 0 16 0 34 34 25 0 0 23 0 0 37 48 4 30 13 43 38 0 0 21 0 0 22 0 0
16 7 0 13 29 0 1 0 40 33 0 0 0 7 0 0 35 37 37 26 44 30 0 0 46 0 0 12 27 9
0 0 13 0 0 25 0 44 0 6 0 0 21 0 35 0 9 28 42 0 4 39 0 0 25 2 17 0 0 37
34 0 29 0 0 0 0 12 1 33 12 9 26 2 10 22 0 0 20 1 0 8 15 0 24 0 0 2 27 36
23 16 0 25 0 0 0 2 39 0 18 0 23 0 36 0 13 10 42 10 14 4 0 29 0 3 6 29 0 43
22 0 1 0 0 0 0 24 48 31 0 3 29 0 29 0 0 0 3 0 35 42 6 26 42 0 0 0 16 10
0 34 0 44 12 2 24 0 16 6 43 0 30 47 0 0 19 29 25 26 3 0 16 34 0 38 40 49 0 29
11 34 40 0 1 39 48 16 0 23 0 7 18 15 6 2 26 40 0 2 22 25 4 0 0 16 21 5 39 4
38 25 33 6 33 0 31 6 23 0 7 6 0 5 29 41 48 29 0 17 45 29 0 26 48 30 47 8 31 0
0 0 0 0 12 18 0 43 0 7 0 6 26 48 0 42 23 0 0 0 0 26 40 46 22 0 15 0 41 3
0 0 0 0 9 0 3 0 7 6 6 0 35 0 0 0 25 0 8 0 2 0 0 10 35 2 45 39 0 0
0 23 0 21 26 23 29 30 18 0 26 35 0 0 16 23 0 0 0 2 7 0 23 17 36 21 10 11 27 0
0 0 7 0 2 0 0 47 15 5 48 0 0 0 44 40 0 0 0 0 0 0 0 45 23 26 0 0 38 22
1 0 0 35 10 36 29 0 6 29 0 0 16 44 0 43 0 0 38 0 0 0 19 0 32 12 16 43 0 25
20 37 0 0 22 0 0 0 2 41 42 0 23 40 43 0 37 46 0 0 0 41 13 3 0 16 37 0 15 13
0 48 35 9 0 13 0 19 26 48 23 25 0 0 0 37 0 0 11 26 0 0 0 16 0 38 0 21 0 31
24 4 37 28 0 10 0 29 40 29 0 0 0 0 0 46 0 0 0 43 39 43 30 0 41 16 0 5 43 0
29 30 37 42 20 42 3 25 0 0 0 8 0 0 38 0 11 0 0 5 45 0 34 0 0 0 25 10 0 48
14 13 26 0 1 10 0 26 2 17 0 0 2 0 0 0 26 43 5 0 47 0 49 11 0 40 0 43 5 25
7 43 44 4 0 14 35 3 22 45 0 2 7 0 0 0 0 39 45 47 0 0 0 0 32 0 39 44 0 11
0 38 30 39 8 4 42 0 25 29 26 0 0 0 0 41 0 43 0 0 0 0 30 0 32 0 0 1 1 35
27 0 0 0 15 0 6 16 4 0 40 0 23 0 19 13 0 30 34 49 0 30 0 0 34 30 22 0 46 0
0 0 0 0 0 29 26 34 0 26 46 10 17 45 0 3 16 0 0 11 0 0 0 0 30 9 4 0 20 21
49 21 46 25 24 0 42 0 0 48 22 35 36 23 32 0 0 41 0 0 32 32 34 30 0 5 8 0 27 21
36 0 0 2 0 3 0 38 16 30 0 2 21 26 12 16 38 16 0 40 0 0 30 9 5 0 13 8 0 32
48 0 0 17 0 6 0 40 21 47 15 45 10 0 16 37 0 0 25 0 39 0 22 4 8 13 0 0 34 1
24 22 12 0 2 29 0 49 5 8 0 39 11 0 43 0 21 5 10 43 44 1 0 0 0 8 0 0 18 13
0 0 27 0 27 0 16 0 39 31 41 0 27 38 0 15 0 43 0 5 0 1 46 20 27 0 34 18 0 39
0 0 9 37 36 43 10 29 4 0 3 0 0 22 25 13 31 0 48 25 11 35 0 21 21 32 1 13 39 0

0 47 19 0 19 20 34 36 44 7 1 41 33 25 0 35 0 30 0 0 0 45 0 32 34 13 0 28 0 45
47 0 27 0 40 32 30 46 24 23 0 43 31 0 0 27 17 0 48 41 43 13 0 46 0 1 43 42 32 12
19 27 0 0 25 38 11 29 43 19 12 0 6 12 31 0 30 24 0 16 11 31 11 0 0 41 0 36 47 0
0 0 0 0 4 14 46 31 0 28 0 36 0 0 12 0 49 0 0 49 0 11 0 30 48 0 46 15 31 0
19 40 25 4 0 12 0 32 32 13 1 12 0 0 33 40 0 10 0 29 13 13 0 0 40 25 0 3 19 3
20 32 38 14 12 0 31 40 45 44 20 0 0 0 0 23 48 47 23 48 38 0 0 20 2 0 32 0 0 46
34 30 11 46 0 31 0 24 32 0 41 25 45 0 7 34 38 18 14 0 0 0 34 0 0 33 31 39 38 0
36 46 29 31 32 40 24 0 44 13 3 47 5 37 0 19 0 0 40 34 0 47 15 0 0 13 0 29 47 20
44 24 43 0 32 45 32 44 0 13 16 19 0 0 3 0 33 39 19 15 45 30 41 7 0 0 27 0 0 34
7 23 19 28 13 44 0 13 13 0 0 0 0 35 0 44 0 26 0 30 20 41 26 33 13 0 0 0 28 25
1 0 12 0 1 20 41 3 16 0 0 1 46 39 25 23 7 31 0 0 0 14 5 32 0 0 0 0 15 0
41 43 0 36 12 0 25 47 19 0 1 0 47 0 49 33 6 49 0 36 18 2 0 0 32 36 33 0 32 47
33 31 6 0 0 0 45 5 0 0 46 47 0 16 0 0 0 41 20 0 0 0 44 7 22 49 33 0 0 48
25 0 12 0 0 0 0 37 0 35 39 0 16 0 0 0 0 0 0 12 0 0 36 39 0 26 37 11 17 15
0 0 31 12 33 0 7 0 3 0 25 49 0 0 0 24 49 17 0 15 0 12 14 46 0 1 34 30 31 31
35 27 0 0 40 23 34 19 0 44 23 33 0 0 24 0 27 0 10 21 0 35 21 0 0 12 32 0 6 0
0 17 30 49 0 48 38 0 33 0 7 6 0 0 49 27 0 4 8 16 33 0 39 48 2 0 10 19 42 4
30 0 24 0 10 47 18 0 39 26 31 49 41 0 17 0 4 0 20 40 27 0 42 0 0 0 44 31 45 5
0 48 0 0 0 23 14 40 19 0 0 0 20 0 0 10 8 20 0 14 0 0 26 13 20 14 43 0 43 0
0 41 16 49 29 48 0 34 15 30 0 36 0 12 15 21 16 40 14 0 0 48 0 46 0 0 0 16 46 0
0 43 11 0 13 38 0 0 45 20 0 18 0 0 0 0 33 27 0 0 0 24 0 0 44 37 6 0 28 0
45 13 31 11 13 0 0 47 30 41 14 2 0 0 12 35 0 0 0 48 24 0 0 0 42 26 0 16 49 0
0 0 11 0 0 0 34 15 41 26 5 0 44 36 14 21 39 42 26 0 0 0 0 24 36 0 13 0 0 28
32 46 0 30 0 20 0 0 7 33 32 0 7 39 46 0 48 0 13 46 0 0 24 0 0 0 0 26 0 2
34 0 0 48 40 2 0 0 0 13 0 32 22 0 0 0 2 0 20 0 44 42 36 0 0 0 43 17 33 5
13 1 41 0 25 0 33 13 0 0 0 36 49 26 1 12 0 0 14 0 37 26 0 0 0 0 25 0 2 0
0 43 0 46 0 32 31 0 27 0 0 33 33 37 34 32 10 44 43 0 6 0 13 0 43 25 0 0 0 16
28 42 36 15 3 0 39 29 0 0 0 0 0 11 30 0 19 31 0 16 0 16 0 26 17 0 0 0 34 0
0 32 47 31 19 0 38 47 0 28 15 32 0 17 31 6 42 45 43 46 28 49 0 0 33 2 0 34 0 28
45 12 0 0 3 46 0 20 34 25 0 47 48 15 31 0 4 5 0 0 0 0 28 2 5 0 16 0 28 0

