30

0 28 0 0 23 14 0 37 0 0 15 0 0 11 12 25 7 0 25 0 23 16 12 0 0 21 21 48 38 0
28 0 0 13 9 0 42 16 23 0 32 0 29 33 0 32 0 26 0 18 37 30 0 0 34 22 12 0 17 0
0 0 0 0 0 11 0 30 0 12 0 29 0 0 0 7 0 0 30 0 0 33 0 43 0 30 10 37 23 32
0 13 0 0 15 29 15 3 1 12 0 34 10 17 0 3 28 0 0 0 23 0 31 31 0 0 33 0 26 0
23 9 0 15 0 44 0 38 0 29 41 47 0 46 0 48 45 20 35 49 25 22 0 0 38 38 5 47 34 0
14 0 11 29 44 0 0 0 42 40 0 12 6 0 0 45 0 41 43 12 14 23 36 0 0 10 0 0 11 43
0 42 0 15 0 0 0 48 49 0 12 0 0 29 44 11 7 0 3 29 16 0 0 0 0 0 48 0 31 0
37 16 30 3 38 0 48 0 0 0 32 18 20 31 0 0 0 3 10 0 38 0 35 45 25 49 0 0 0 2
0 23 0 1 0 42 49 0 0 23 1 2 41 19 0 9 0 0 46 40 24 0 0 49 3 0 16 0 0 0
0 0 12 12 29 40 0 0 23 0 28 33 43 5 0 3 7 49 24 41 0 45 0 0 13 0 46 7 9 34
15 32 0 0 41 0 12 32 1 28 0 21 1 35 3 0 5 0 7 11 13 5 0 46 37 0 40 46 37 46
0 0 29 34 47 12 0 18 2 33 21 0 26 0 12 43 0 0 48 7 41 36 0 0 24 0 25 0 48 0
0 29 0 10 0 6 0 20 41 43 1 26 0 8 0 4 0 37 0 0 8 0 44 0 17 3 0 0 48 2
11 33 0 17 46 0 29 31 19 5 35 0 8 0 42 0 16 0 0 36 23 0 0 0 4 0 16 29 17 30
12 0 0 0 0 0 44 0 0 0 3 12 0 42 0 0 0 0 0 0 0 12 1 17 36 0 0 6 0 36
25 32 7 3 48 45 11 0 9 3 0 43 4 0 0 0 44 17 0 27 3 0 26 0 29 46 0 0 13 0
7 0 0 28 45 0 7 0 0 7 5 0 0 16 0 44 0 12 0 42 40 0 0 0 43 33 0 34 0 0
0 26 0 0 20 41 0 3 0 49 0 0 37 0 0 17 12 0 21 33 0 38 0 4 0 13 0 0 0 0
25 0 30 0 35 43 3 10 46 24 7 48 0 0 0 0 0 21 0 0 46 0 8 38 41 13 0 16 0 0
0 18 0 0 49 12 29 0 40 41 11 7 0 36 0 27 42 33 0 0 2 8 0 4 2 0 11 12 26 0
23 37 0 23 25 14 16 38 24 0 13 41 8 23 0 3 40 0 46 2 0 24 0 48 0 24 0 0 0 0
16 30 33 0 22 23 0 0 0 45 5 36 0 0 12 0 0 38 0 8 24 0 0 36 18 37 0 48 30 26
12 0 0 31 0 36 0 35 0 0 0 0 44 0 1 26 0 0 8 0 0 0 0 24 0 7 29 16 0 0
0 0 43 31 0 0 0 45 49 0 46 0 0 0 17 0 0 4 38 4 48 36 24 0 29 0 20 39 48 0
0 34 0 0 38 0 0 25 3 13 37 24 17 4 36 29 43 0 41 2 0 18 0 29 0 40 0 0 0 0
21 22 30 0 38 10 0 49 0 0 0 0 3 0 0 46 33 13 13 0 24 37 7 0 40 0 49 0 18 24
21 12 10 33 5 0 48 0 16 46 40 25 0 16 0 0 0 0 0 11 0 0 29 20 0 49 0 26 45 10
48 0 37 0 47 0 0 0 0 7 46 0 0 29 6 0 34 0 16 12 0 48 16 39 0 0 26 0 0 10
38 17 23 26 34 11 31 0 0 9 37 48 48 17 0 13 0 0 0 26 0 30 0 48 0 18 45 0 0 46
0 0 32 0 0 43 0 2 0 34 46 0 2 30 36 0 0 0 0 0 0 26 0 0 0 24 10 10 46 0

0 25 49 12 0 47 14 3 0 39 0 0 0 13 40 22 16 14 35 35 37 6 0 33 6 40 0 3 41 38
25 0 11 37 19 8 36 0 28 37 0 11 0 0 40 0 22 0 0 0 0 0 38 31 0 33 13 31 0 0
49 11 0 6 0 0 0 0 0 0 31 3 0 0 0 45 42 24 29 6 22 0 0 15 16 12 0 48 32 0
12 37 6 0 0 39 38 31 12 46 20 24 0 21 32 4 43 44 0 0 6 0 0 29 47 34 0 0 33 0
0 19 0 0 0 32 0 38 0 0 25 5 13 8 0 38 4 0 0 9 28 18 21 12 10 20 3 1 12 45
47 8 0 39 32 0 14 22 19 0 28 35 47 0 0 35 0 0 45 22 0 0 0 4 0 28 2 22 0 0
14 36 0 38 0 14 0 49 19 21 0 0 27 39 0 2 0 37 0 8 37 0 0 14 47 21 38 33 4 6
3 0 0 31 38 22 49 0 9 3 29 0 0 0 0 0 0 0 0 43 49 0 6 36 2 0 43 0 0 33
0 28 0 12 0 19 19 9 0 20 41 0 16 40 0 34 22 48 0 20 15 31 40 27 0 15 0 46 35 0
39 37 0 46 0 0 21 3 20 0 38 0 9 0 25 0 4 11 0 2 0 6 2 9 0 48 49 0 0 7
0 0 31 20 25 28 0 29 41 38 0 16 23 44 0 0 0 0 0 0 17 0 0 29 48 39 7 46 25 0
0 11 3 24 5 35 0 0 0 0 16 0 48 0 0 0 0 11 13 43 0 0 0 13 11 5 0 22 0 42
0 0 0 0 13 47 27 0 16 9 23 48 0 23 7 10 0 44 7 0 28 5 0 43 40 0 0 0 48 2
13 0 0 21 8 0 39 0 40 0 44 0 23 0 38 0 0 3 0 0 0 13 4 0 0 0 0 20 42 16
40 40 0 32 0 0 0 0 0 25 0 0 7 38 0 0 0 12 46 24 0 19 14 0 35 0 37 47 0 0
22 0 45 4 38 35 2 0 34 0 0 0 10 0 0 0 0 26 43 29 13 0 25 0 35 23 27 0 48 0
16 22 42 43 4 0 0 0 22 4 0 0 0 0 0 0 0 3 0 0 9 0 49 2 14 11 26 0 0 36
14 0 24 44 0 0 37 0 48 11 0 11 44 3 12 26 3 0 40 0 36 11 0 25 0 44 0 14 6 21
35 0 29 0 0 45 0 0 0 0 0 13 7 0 46 43 0 40 0 0 0 0 48 2 0 0 22 0 24 27
35 0 6 0 9 22 8 43 20 2 0 43 0 0 24 29 0 0 0 0 0 34 10 0 0 24 41 0 0 0
37 0 22 6 28 0 37 49 15 0 17 0 28 0 0 13 9 36 0 0 0 37 20 25 43 0 0 0 32 0
6 0 0 0 18 0 0 0 31 6 0 0 5 13 19 0 0 11 0 34 37 0 0 44 0 25 13 0 0 4
0 38 0 0 21 0 0 6 40 2 0 0 0 4 14 25 49 0 48 10 20 0 0 33 0 0 34 49 6 0
33 31 15 29 12 4 14 36 27 9 29 13 43 0 0 0 2 25 2 0 25 44 33 0 20 41 44 0 24 0
6 0 16 47 10 0 47 2 0 0 48 11 40 0 35 35 14 0 0 0 43 0 0 20 0 46 33 16 47 0
40 33 12 34 20 28 21 0 15 48 39 5 0 0 0 23 11 44 0 24 0 25 0 41 46 0 7 48 33 0
0 13 0 0 3 2 38 43 0 49 7 0 0 0 37 27 26 0 22 41 0 13 34 44 33 7 0 5 22 13
3 31 48 0 1 22 33 0 46 0 46 22 0 20 47 0 0 14 0 0 0 0 49 0 16 48 5 0 13 7
41 0 32 33 12 0 4 0 35 0 25 0 48 42 0 48 0 6 24 0 32 0 6 24 47 33 22 13 0 0
38 0 0 0 45 0 6 33 0 7 0 42 2 16 0 0 36 21 27 0 0 4 0 0 0 0 13 7 0 0

