30

0 46 30 34 0 41 48 30 42 10 33 0 27 1 0 0 14 30 0 35 0 37 0 0 0 47 36 3 47 29
46 0 45 43 0 7 2 39 31 40 39 21 0 14 0 39 28 0 0 0 0 0 15 39 24 0 0 31 0 1
30 45 0 30 0 40 41 0 27 28 26 14 0 0 0 28 0 0 0 36 6 15 36 20 20 0 0 0 33 0
34 43 30 0 47 25 24 0 0 23 1 40 32 24 33 0 34 0 46 33 22 47 0 31 36 3 0 35 0 33
0 0 0 47 0 2 0 0 42 41 33 22 35 3 0 16 0 22 19 3 13 10 0 0 29 0 45 5 43 46
41 7 40 25 2 0 0 42 19 19 6 27 7 0 26 47 0 0 19 48 46 30 0 39 45 8 25 47 0 19
48 2 41 24 0 0 0 0 4 7 33 7 42 9 37 29 38 11 0 0 0 0 7 49 49 39 0 0 17 23
30 39 0 0 0 42 0 0 10 0 0 16 0 0 0 0 0 0 0 0 0 20 0 25 20 41 41 6 31 0
42 31 27 0 42 19 4 10 0 0 0 0 0 13 20 0 0 21 26 10 0 5 25 45 28 28 8 0 11 24
10 40 28 23 41 19 7 0 0 0 25 28 0 41 12 0 0 0 0 42 0 0 0 0 20 22 46 9 0 0
33 39 26 1 33 6 33 0 0 25 0 24 0 6 0 0 0 20 19 21 21 0 49 2 0 24 22 12 33 0
0 21 14 40 22 27 7 16 0 28 24 0 0 32 30 15 7 0 0 0 0 0 22 41 0 0 0 0 38 40
27 0 0 32 35 7 42 0 0 0 0 0 0 0 18 0 7 43 11 3 0 43 0 22 1 0 36 0 23 0
1 14 0 24 3 0 9 0 13 41 6 32 0 0 5 0 18 0 25 0 0 0 0 40 15 0 5 0 25 20
0 0 0 33 0 26 37 0 20 12 0 30 18 5 0 38 0 15 0 16 0 32 10 0 0 11 5 0 33 0
0 39 28 0 16 47 29 0 0 0 0 15 0 0 38 0 39 27 0 35 29 0 0 3 42 14 0 48 14 3
14 28 0 34 0 0 38 0 0 0 0 7 7 18 0 39 0 0 17 0 38 0 20 15 16 9 31 0 0 0
30 0 0 0 22 0 11 0 21 0 20 0 43 0 15 27 0 0 0 0 0 0 36 0 0 7 22 5 17 0
0 0 0 46 19 19 0 0 26 0 19 0 11 25 0 0 17 0 0 0 30 0 0 40 43 34 37 16 40 0
35 0 36 33 3 48 0 0 10 42 21 0 3 0 16 35 0 0 0 0 27 29 0 0 5 0 42 28 0 0
0 0 6 22 13 46 0 0 0 0 21 0 0 0 0 29 38 0 30 27 0 0 17 0 8 3 0 6 46 0
37 0 15 47 10 30 0 20 5 0 0 0 43 0 32 0 0 0 0 29 0 0 0 0 48 0 0 29 0 42
0 15 36 0 0 0 7 0 25 0 49 22 0 0 10 0 20 36 0 0 17 0 0 3 32 8 15 0 5 37
0 39 20 31 0 39 49 25 45 0 2 41 22 40 0 3 15 0 40 0 0 0 3 0 36 37 0 0 26 0
0 24 20 36 29 45 49 20 28 20 0 0 1 15 0 42 16 0 43 5 8 48 32 36 0 0 9 0 0 32
47 0 0 3 0 8 39 41 28 22 24 0 0 0 11 14 9 7 34 0 3 0 8 37 0 0 0 0 38 30
36 0 0 0 45 25 0 41 8 46 22 0 36 5 5 0 31 22 37 42 0 0 15 0 9 0 0 25 20 1
3 31 0 35 5 47 0 6 0 9 12 0 0 0 0 48 0 5 16 28 6 29 0 0 0 0 25 0 27 0
47 0 33 0 43 0 17 31 11 0 33 38 23 25 33 14 0 17 40 0 46 0 5 26 0 38 20 27 0 42
29 1 0 33 46 19 23 0 24 0 0 40 0 20 0 3 0 0 0 0 0 42 37 0 32 30 1 0 42 0

0 7 5 15 39 0 37 12 13 45 0 0 0 0 34 28 14 0 0 0 0 0 37 32 2 0 19 49 44 29
7 0 0 0 4 3 0 0 18 44 0 0 5 0 0 0 7 0 0 0 41 16 0 0 29 18 0 0 30 0
5 0 0 0 0 17 24 0 44 4 0 9 32 29 24 0 2 0 0 0 38 16 40 0 0 0 36 0 25 26
15 0 0 0 0 0 0 0 22 0 0 0 0 0 19 0 12 43 0 43 4 0 0 0 22 26 39 0 36 47
39 4 0 0 0 0 37 43 20 35 8 0 0 31 0 17 46 35 0 0 0 24 17 0 0 6 0 0 27 0
0 3 17 0 0 0 44 0 0 29 30 34 33 0 0 10 19 26 8 41 0 24 0 1 36 9 27 0 0 0
37 0 24 0 37 44 0 46 0 0 25 15 0 0 29 17 14 34 0 22 48 31 0 0 17 0 37 32 38 31
12 0 0 0 43 0 46 0 12 0 0 30 19 15 0 0 37 0 12 0 28 8 0 28 0 46 44 3 14 0
13 18 44 22 20 0 0 12 0 43 49 41 27 44 0 0 21 0 0 47 28 13 0 4 44 49 0 0 0 0
45 44 4 0 35 29 0 0 43 0 0 0 0 0 18 0 0 0 22 6 1 0 0 14 9 0 0 0 49 0
0 0 0 0 8 30 25 0 49 0 0 0 0 0 41 49 0 23 0 0 0 0 0 37 28 39 0 39 7 0
0 0 9 0 0 34 15 30 41 0 0 0 40 0 0 0 0 0 0 32 12 29 0 0 29 10 35 17 34 0
0 5 32 0 0 33 0 19 27 0 0 40 0 32 0 0 11 0 45 0 0 16 47 47 31 0 9 0 0 0
0 0 29 0 31 0 0 15 44 0 0 0 32 0 0 30 0 49 28 21 16 0 32 0 0 0 34 0 0 0
34 0 24 19 0 0 29 0 0 18 41 0 0 0 0 5 5 0 41 10 34 4 29 18 40 0 45 0 46 0
28 0 0 0 17 10 17 0 0 0 49 0 0 30 5 0 49 35 0 0 47 0 21 20 0 0 0 0 18 0
14 7 2 12 46 19 14 37 21 0 0 0 11 0 5 49 0 23 17 5 47 1 25 0 35 47 40 0 36 0
0 0 0 43 35 26 34 0 0 0 23 0 0 49 0 35 23 0 33 0 0 0 0 30 0 9 3 0 36 0
0 0 0 0 0 8 0 12 0 22 0 0 45 28 41 0 17 33 0 0 21 21 7 35 0 39 34 46 2 0
0 0 0 43 0 41 22 0 47 6 0 32 0 21 10 0 5 0 0 0 26 12 0 19 15 35 21 6 47 0
0 41 38 4 0 0 48 28 28 1 0 12 0 16 34 47 47 0 21 26 0 0 19 28 10 42 8 16 21 46
0 16 16 0 24 24 31 8 13 0 0 29 16 0 4 0 1 0 21 12 0 0 3 0 25 35 0 0 0 0
37 0 40 0 17 0 0 0 0 0 0 0 47 32 29 21 25 0 7 0 19 3 0 0 6 0 0 19 0 29
32 0 0 0 0 1 0 28 4 14 37 0 47 0 18 20 0 30 35 19 28 0 0 0 2 0 12 0 14 43
2 29 0 22 0 36 17 0 44 9 28 29 31 0 40 0 35 0 0 15 10 25 6 2 0 12 26 2 5 0
0 18 0 26 6 9 0 46 49 0 39 10 0 0 0 0 47 9 39 35 42 35 0 0 12 0 15 0 27 0
19 0 36 39 0 27 37 44 0 0 0 35 9 34 45 0 40 3 34 21 8 0 0 12 26 15 0 42 47 40
49 0 0 0 0 0 32 3 0 0 39 17 0 0 0 0 0 0 46 6 16 0 19 0 2 0 42 0 38 40
44 30 25 36 27 0 38 14 0 49 7 34 0 0 46 18 36 36 2 47 21 0 0 14 5 27 47 38 0 31
29 0 26 47 0 0 31 0 0 0 0 0 0 0 0 0 0 0 0 0 46 0 29 43 0 0 40 40 31 0

