30

0 12 0 17 33 9 0 31 39 0 0 9 0 40 0 14 38 0 35 45 0 0 40 26 0 0 20 0 43 14
12 0 0 33 0 0 1 36 37 12 0 17 23 36 22 0 11 39 0 0 36 0 45 13 11 0 8 25 31 0
0 0 0 18 0 46 0 49 23 15 0 0 0 17 33 10 0 0 0 0 10 0 10 28 0 0 0 33 25 0
17 33 18 0 13 46 0 0 33 46 0 39 27 2 45 25 0 16 0 0 40 19 5 0 11 2 45 14 7 1
33 0 0 13 0 2 42 0 38 1 0 0 0 0 46 0 11 0 27 24 0 0 0 47 30 30 40 19 14 37
9 0 46 46 2 0 0 10 3 6 42 48 0 0 0 4 24 26 0 0 39 0 0 2 0 0 0 2 21 0
0 1 0 0 42 0 0 12 14 0 26 18 7 0 15 0 12 29 0 48 18 37 35 0 0 14 0 0 26 0
31 36 49 0 0 10 12 0 0 25 0 24 49 48 0 0 0 28 0 0 33 41 0 0 6 21 27 6 0 0
39 37 23 33 38 3 14 0 0 0 0 0 0 17 3 0 39 0 0 21 3 18 0 0 14 20 0 0 3 37
0 12 15 46 1 6 0 25 0 0 0 40 24 0 0 0 0 7 28 0 0 43 0 0 25 35 0 0 27 36
0 0 0 0 0 42 26 0 0 0 0 0 0 16 0 44 27 33 0 0 36 0 32 0 0 0 39 45 0 33
9 17 0 39 0 48 18 24 0 40 0 0 49 9 0 7 6 10 33 0 0 2 47 1 0 28 15 0 0 11
0 23 0 27 0 0 7 49 0 24 0 49 0 23 0 46 39 26 0 0 0 0 0 46 0 35 0 32 17 0
40 36 17 2 0 0 0 48 17 0 16 9 23 0 1 0 15 0 21 14 0 47 5 0 28 30 40 27 2 3
0 22 33 45 46 0 15 0 3 0 0 0 0 1 0 48 35 48 6 15 10 0 5 23 0 0 45 0 0 16
14 0 10 25 0 4 0 0 0 0 44 7 46 0 48 0 14 5 46 0 0 33 41 0 0 49 0 38 28 0
38 11 0 0 11 24 12 0 39 0 27 6 39 15 35 14 0 0 10 37 29 21 0 0 0 38 24 0 0 0
0 39 0 16 0 26 29 28 0 7 33 10 26 0 48 5 0 0 6 37 0 0 4 0 0 0 0 10 27 30
35 0 0 0 27 0 0 0 0 28 0 33 0 21 6 46 10 6 0 25 0 14 37 38 0 3 16 14 0 3
45 0 0 0 24 0 48 0 21 0 0 0 0 14 15 0 37 37 25 0 0 13 34 41 0 28 0 33 20 0
0 36 10 40 0 39 18 33 3 0 36 0 0 0 10 0 29 0 0 0 0 0 11 0 0 37 18 0 13 34
0 0 0 19 0 0 37 41 18 43 0 2 0 47 0 33 21 0 14 13 0 0 0 0 0 0 22 6 10 0
40 45 10 5 0 0 35 0 0 0 32 47 0 5 5 41 0 4 37 34 11 0 0 0 0 42 0 0 19 18
26 13 28 0 47 2 0 0 0 0 0 1 46 0 23 0 0 0 38 41 0 0 0 0 0 22 43 0 28 11
0 11 0 11 30 0 0 6 14 25 0 0 0 28 0 0 0 0 0 0 0 0 0 0 0 0 0 33 34 0
0 0 0 2 30 0 14 21 20 35 0 28 35 30 0 49 38 0 3 28 37 0 42 22 0 0 43 22 0 48
20 8 0 45 40 0 0 27 0 0 39 15 0 40 45 0 24 0 16 0 18 22 0 43 0 43 0 1 11 0
0 25 33 14 19 2 0 6 0 0 45 0 32 27 0 38 0 10 14 33 0 6 0 0 33 22 1 0 0 30
43 31 25 7 14 21 26 0 3 27 0 0 17 2 0 28 0 27 0 20 13 10 19 28 34 0 11 0 0 44
14 0 0 1 37 0 0 0 37 36 33 11 0 3 16 0 0 30 3 0 34 0 18 11 0 48 0 30 44 0

0 5 0 7 6 46 13 21 17 0 33 0 0 0 21 20 0 0 0 17 46 16 0 38 31 22 0 0 40 2
5 0 0 22 0 0 22 0 0 1 38 17 0 49 10 0 43 21 0 0 12 45 25 0 0 0 0 10 23 0
0 0 0 0 36 43 0 42 0 0 0 28 4 31 0 11 0 0 0 10 45 0 0 0 11 0 0 0 34 31
7 22 0 0 0 40 0 33 36 26 5 1 0 0 37 0 30 39 16 20 28 0 28 0 38 0 28 36 0 23
6 0 36 0 0 0 1 0 0 26 37 11 28 0 0 0 0 41 22 0 0 45 15 0 0 0 6 18 0 0
46 0 43 40 0 0 9 0 0 25 0 48 13 0 0 5 2 22 0 40 0 11 18 23 9 0 27 34 0 34
13 22 0 0 1 9 0 49 0 31 0 31 30 40 13 2 0 0 34 29 46 0 0 7 9 44 10 0 0 30
21 0 42 33 0 0 49 0 0 46 15 0 46 25 30 9 0 0 0 0 0 44 0 2 0 31 0 4 25 0
17 0 0 36 0 0 0 0 0 33 18 37 0 17 0 7 0 0 0 2 19 45 34 11 46 0 0 41 6 13
0 1 0 26 26 25 31 46 33 0 45 20 0 4 2 7 27 9 28 39 25 0 46 19 0 11 28 12 0 23
33 38 0 5 37 0 0 15 18 45 0 0 13 41 4 0 0 19 36 0 28 28 34 0 0 0 0 39 23 0
0 17 28 1 11 48 31 0 37 20 0 0 0 0 0 32 40 40 0 27 0 26 0 25 35 42 0 13 0 0
0 0 4 0 28 13 30 46 0 0 13 0 0 0 13 12 0 0 40 39 28 0 11 0 45 47 9 4 49 40
0 49 31 0 0 0 40 25 17 4 41 0 0 0 0 0 27 48 0 23 48 0 28 0 9 15 0 13 0 39
21 10 0 37 0 0 13 30 0 2 4 0 13 0 0 7 0 0 17 31 48 5 3 28 46 7 27 0 0 0
20 0 11 0 0 5 2 9 7 7 0 32 12 0 7 0 1 48 0 48 18 31 0 32 0 18 14 0 42 2
0 43 0 30 0 2 0 0 0 27 0 40 0 27 0 1 0 16 41 49 22 0 9 0 0 2 0 14 10 35
0 21 0 39 41 22 0 0 0 9 19 40 0 48 0 48 16 0 48 45 32 40 0 38 0 0 0 16 0 40
0 0 0 16 22 0 34 0 0 28 36 0 40 0 17 0 41 48 0 0 3 27 38 0 40 6 5 0 0 4
17 0 10 20 0 40 29 0 2 39 0 27 39 23 31 48 49 45 0 0 41 0 6 13 0 0 40 13 0 0
46 12 45 28 0 0 46 0 19 25 28 0 28 48 48 18 22 32 3 41 0 3 0 0 28 0 19 15 0 39
16 45 0 0 45 11 0 44 45 0 28 26 0 0 5 31 0 40 27 0 3 0 21 5 0 43 33 0 48 0
0 25 0 28 15 18 0 0 34 46 34 0 11 28 3 0 9 0 38 6 0 21 0 38 0 0 0 35 25 49
38 0 0 0 0 23 7 2 11 19 0 25 0 0 28 32 0 38 0 13 0 5 38 0 26 4 0 0 40 13
31 0 11 38 0 9 9 0 46 0 0 35 45 9 46 0 0 0 40 0 28 0 0 26 0 0 45 44 37 9
22 0 0 0 0 0 44 31 0 11 0 42 47 15 7 18 2 0 6 0 0 43 0 4 0 0 11 2 0 8
0 0 0 28 6 27 10 0 0 28 0 0 9 0 27 14 0 0 5 40 19 33 0 0 45 11 0 0 18 15
0 10 0 36 18 34 0 4 41 12 39 13 4 13 0 0 14 16 0 13 15 0 35 0 44 2 0 0 0 39
40 23 34 0 0 0 0 25 6 0 23 0 49 0 0 42 10 0 0 0 0 48 25 40 37 0 18 0 0 44
2 0 31 23 0 34 30 0 13 23 0 0 40 39 0 2 35 40 4 0 39 0 49 13 9 8 15 39 44 0

