30

0 1 0 0 0 2 29 23 4 0 38 0 16 6 10 0 19 0 26 1 0 0 0 0 0 43 7 22 19 0
1 0 0 39 0 0 0 0 8 0 0 3 49 0 1 38 0 10 14 14 0 47 39 0 0 41 37 0 0 31
0 0 0 36 32 33 17 44 0 17 0 43 0 0 48 0 14 0 24 20 38 0 13 32 39 44 30 48 28 19
0 39 36 0 0 0 16 49 0 19 37 0 7 0 39 0 36 45 37 45 3 11 42 7 44 25 2 0 0 1
0 0 32 0 0 0 0 7 0 16 4 44 21 23 37 0 0 0 0 0 0 0 0 36 0 0 5 1 47 48
2 0 33 0 0 0 14 34 6 12 0 22 30 14 0 47 6 0 0 0 9 0 0 0 0 0 17 0 0 0
29 0 17 16 0 14 0 44 0 0 20 19 48 0 0 0 22 25 0 29 6 0 0 14 1 40 14 0 8 28
23 0 44 49 7 34 44 0 10 0 0 28 4 3 33 34 7 44 21 47 11 16 8 32 47 31 45 0 16 15
4 8 0 0 0 6 0 10 0 5 4 0 0 0 0 35 0 4 13 0 36 8 0 0 11 14 34 0 0 45
0 0 17 19 16 12 0 0 5 0 0 0 38 0 33 46 33 40 41 15 0 37 35 0 0 49 25 33 0 0
38 0 0 37 4 0 20 0 4 0 0 28 49 23 48 46 44 17 0 6 35 0 10 0 10 0 1 46 47 0
0 3 43 0 44 22 19 28 0 0 28 0 0 0 0 22 34 24 0 0 44 27 27 27 0 0 17 40 0 0
16 49 0 7 21 30 48 4 0 38 49 0 0 0 0 10 0 31 13 38 0 32 0 0 0 45 16 22 23 8
6 0 0 0 23 14 0 3 0 0 23 0 0 0 0 0 0 0 0 35 48 5 48 9 46 40 0 17 0 43
10 1 48 39 37 0 0 33 0 33 48 0 0 0 0 0 13 24 43 0 43 38 19 39 0 36 0 37 49 0
0 38 0 0 0 47 0 34 35 46 46 22 10 0 0 0 0 4 9 0 49 0 0 24 42 0 28 0 24 0
19 0 14 36 0 6 22 7 0 33 44 34 0 0 13 0 0 47 35 0 46 37 22 4 23 3 0 46 0 0
0 10 0 45 0 0 25 44 4 40 17 24 31 0 24 4 47 0 38 0 0 37 11 37 42 0 45 0 39 0
26 14 24 37 0 0 0 21 13 41 0 0 13 0 43 9 35 38 0 0 44 13 30 12 0 0 28 0 0 36
1 14 20 45 0 0 29 47 0 15 6 0 38 35 0 0 0 0 0 0 9 0 0 0 0 25 0 0 0 0
0 0 38 3 0 9 6 11 36 0 35 44 0 48 43 49 46 0 44 9 0 47 0 30 0 33 4 0 0 0
0 47 0 11 0 0 0 16 8 37 0 27 32 5 38 0 37 37 13 0 47 0 49 39 0 0 0 0 4 27
0 39 13 42 0 0 0 8 0 35 10 27 0 48 19 0 22 11 30 0 0 49 0 20 0 0 18 7 18 29
0 0 32 7 36 0 14 32 0 0 0 27 0 9 39 24 4 37 12 0 30 39 20 0 7 5 49 0 43 36
0 0 39 44 0 0 1 47 11 0 10 0 0 46 0 42 23 42 0 0 0 0 0 7 0 16 0 46 0 0
43 41 44 25 0 0 40 31 14 49 0 0 45 40 36 0 3 0 0 25 33 0 0 5 16 0 29 38 0 0
7 37 30 2 5 17 14 45 34 25 1 17 16 0 0 28 0 45 28 0 4 0 18 49 0 29 0 26 32 0
22 0 48 0 1 0 0 0 0 33 46 40 22 17 37 0 46 0 0 0 0 0 7 0 46 38 26 0 0 18
19 0 28 0 47 0 8 16 0 0 47 0 23 0 49 24 0 39 0 0 0 4 18 43 0 0 32 0 0 39
0 31 19 1 48 0 28 15 45 0 0 0 8 43 0 0 0 0 36 0 0 27 29 36 0 0 0 18 39 0

0 33 33 33 22 35 33 21 0 0 9 5 31 0 0 19 30 32 0 0 0 0 0 0 44 11 14 41 0 0
33 0 0 0 40 0 0 0 43 39 48 0 40 47 0 5 28 4 24 26 29 0 40 44 29 25 44 45 18 18
33 0 0 0 28 7 0 6 19 35 32 26 39 0 4 0 0 43 0 7 0 0 24 10 10 17 0 0 49 0
33 0 0 0 5 12 0 0 41 0 0 0 19 0 1 14 25 0 0 11 15 0 7 18 19 0 35 0 35 0
22 40 28 5 0 21 36 0 2 41 28 0 0 0 0 48 19 29 0 24 0 0 49 47 0 0 45 0 13 48
35 0 7 12 21 0 47 1 0 0 0 0 28 19 0 0 0 0 0 23 20 0 37 48 0 49 47 16 48 0
33 0 0 0 36 47 0 43 17 14 26 0 36 15 11 0 12 0 30 0 44 0 7 21 5 47 0 6 0 0
21 0 6 0 0 1 43 0 0 6 22 10 24 10 2 4 27 15 22 7 0 0 7 11 43 26 38 0 0 38
0 43 19 41 2 0 17 0 0 0 0 0 0 5 34 7 40 36 0 42 5 0 31 0 24 11 0 0 47 28
0 39 35 0 41 0 14 6 0 0 32 15 0 33 22 0 0 42 42 21 12 0 0 27 0 24 0 21 40 45
9 48 32 0 28 0 26 22 0 32 0 0 8 0 36 0 0 0 27 0 0 18 0 29 0 0 0 0 10 31
5 0 26 0 0 0 0 10 0 15 0 0 9 22 40 0 16 0 12 0 0 18 0 0 25 0 44 17 0 0
31 40 39 19 0 28 36 24 0 0 8 9 0 0 25 0 0 0 24 0 0 0 11 37 38 0 35 14 8 0
0 47 0 0 0 19 15 10 5 33 0 22 0 0 3 29 0 0 0 0 17 46 48 22 0 6 23 0 9 6
0 0 4 1 0 0 11 2 34 22 36 40 25 3 0 29 13 0 0 0 47 2 1 5 23 0 2 5 0 0
19 5 0 14 48 0 0 4 7 0 0 0 0 29 29 0 20 0 31 23 0 32 0 30 18 23 38 11 30 36
30 28 0 25 19 0 12 27 40 0 0 16 0 0 13 20 0 2 0 0 44 23 0 28 0 32 4 47 0 4
32 4 43 0 29 0 0 15 36 42 0 0 0 0 0 0 2 0 46 0 37 30 0 0 42 33 0 10 49 0
0 24 0 0 0 0 30 22 0 42 27 12 24 0 0 31 0 46 0 48 0 23 20 42 20 0 0 36 16 38
0 26 7 11 24 23 0 7 42 21 0 0 0 0 0 23 0 0 48 0 10 0 22 40 13 11 49 2 0 32
0 29 0 15 0 20 44 0 5 12 0 0 0 17 47 0 44 37 0 10 0 16 0 0 14 41 0 34 0 32
0 0 0 0 0 0 0 0 0 0 18 18 0 46 2 32 23 30 23 0 16 0 39 0 0 25 36 0 0 13
0 40 24 7 49 37 7 7 31 0 0 0 11 48 1 0 0 0 20 22 0 39 0 0 0 45 0 5 0 39
0 44 10 18 47 48 21 11 0 27 29 0 37 22 5 30 28 0 42 40 0 0 0 0 0 0 0 0 41 9
44 29 10 19 0 0 5 43 24 0 0 25 38 0 23 18 0 42 20 13 14 0 0 0 0 49 44 7 28 35
11 25 17 0 0 49 47 26 11 24 0 0 0 6 0 23 32 33 0 11 41 25 45 0 49 0 46 33 0 37
14 44 0 35 45 47 0 38 0 0 0 44 35 23 2 38 4 0 0 49 0 36 0 0 44 46 0 24 12 0
41 45 0 0 0 16 6 0 0 21 0 17 14 0 5 11 47 10 36 2 34 0 5 0 7 33 24 0 27 39
0 18 49 35 13 48 0 0 47 40 10 0 8 9 0 30 0 49 16 0 0 0 0 41 28 0 12 27 0 0
0 18 0 0 48 0 0 38 28 45 31 0 0 6 0 36 4 0 38 32 32 13 39 9 35 37 0 39 0 0

