30

0 12 3 37 42 0 49 0 0 3 0 0 9 0 4 17 41 0 0 37 0 33 0 11 19 49 0 27 44 15
12 0 46 0 0 13 3 33 39 28 43 10 0 17 0 26 0 0 27 0 0 34 36 0 0 2 13 43 16 0
3 46 0 42 0 24 0 26 0 29 0 24 26 37 29 41 11 0 19 12 11 11 47 0 10 40 0 0 11 8
37 0 42 0 36 0 0 0 0 4 31 35 6 0 11 29 16 3 21 0 24 43 0 0 22 40 0 32 0 0
42 0 0 36 0 33 0 25 0 4 25 16 0 0 13 0 44 12 13 37 0 0 0 0 36 18 43 0 12 0
0 13 24 0 33 0 0 48 41 0 0 41 0 32 21 6 0 44 0 7 49 11 0 13 40 0 11 16 49 19
49 3 0 0 0 0 0 36 0 39 41 34 0 11 44 0 21 29 0 16 0 0 0 38 41 0 0 0 0 0
0 33 26 0 25 48 36 0 0 13 0 0 18 13 31 11 0 40 33 18 0 0 0 34 0 0 0 0 48 32
0 39 0 0 0 41 0 0 0 48 21 0 3 45 27 0 35 44 11 36 0 0 16 44 9 46 8 42 7 27
3 28 29 4 4 0 39 13 48 0 8 20 27 0 23 3 34 0 12 24 8 25 10 0 0 1 30 0 0 31
0 43 0 31 25 0 41 0 21 8 0 0 40 37 0 13 24 0 34 0 0 36 0 26 49 15 2 14 0 0
0 10 24 35 16 41 34 0 0 20 0 0 38 0 0 0 47 0 46 0 0 13 30 5 16 28 26 25 0 0
9 0 26 6 0 0 0 18 3 27 40 38 0 0 0 48 0 39 47 0 0 37 0 33 1 0 37 0 29 33
0 17 37 0 0 32 11 13 45 0 37 0 0 0 1 0 11 43 30 0 43 0 0 0 8 0 0 37 13 9
4 0 29 11 13 21 44 31 27 23 0 0 0 1 0 22 47 28 0 0 11 0 19 8 0 42 0 0 0 30
17 26 41 29 0 6 0 11 0 3 13 0 48 0 22 0 17 2 31 45 0 47 0 16 48 27 0 0 0 24
41 0 11 16 44 0 21 0 35 34 24 47 0 11 47 17 0 0 0 45 31 44 0 0 0 0 40 23 0 48
0 0 0 3 12 44 29 40 44 0 0 0 39 43 28 2 0 0 0 12 36 27 43 13 16 30 15 0 0 0
0 27 19 21 13 0 0 33 11 12 34 46 47 30 0 31 0 0 0 0 0 0 0 42 0 19 27 17 0 28
37 0 12 0 37 7 16 18 36 24 0 0 0 0 0 45 45 12 0 0 40 0 9 0 19 12 0 4 34 25
0 0 11 24 0 49 0 0 0 8 0 0 0 43 11 0 31 36 0 40 0 0 16 21 47 35 0 45 1 27
33 34 11 43 0 11 0 0 0 25 36 13 37 0 0 47 44 27 0 0 0 0 0 14 12 17 19 0 0 1
0 36 47 0 0 0 0 0 16 10 0 30 0 0 19 0 0 43 0 9 16 0 0 8 12 10 0 0 0 42
11 0 0 0 0 13 38 34 44 0 26 5 33 0 8 16 0 13 42 0 21 14 8 0 0 0 47 43 30 22
19 0 10 22 36 40 41 0 9 0 49 16 1 8 0 48 0 16 0 19 47 12 12 0 0 0 10 4 45 2
49 2 40 40 18 0 0 0 46 1 15 28 0 0 42 27 0 30 19 12 35 17 10 0 0 0 38 21 28 0
0 13 0 0 43 11 0 0 8 30 2 26 37 0 0 0 40 15 27 0 0 19 0 47 10 38 0 10 11 0
27 43 0 32 0 16 0 0 42 0 14 25 0 37 0 0 23 0 17 4 45 0 0 43 4 21 10 0 0 5
44 16 11 0 12 49 0 48 7 0 0 0 29 13 0 0 0 0 0 34 1 0 0 30 45 28 11 0 0 0
15 0 8 0 0 19 0 32 27 31 0 0 33 9 30 24 48 0 28 25 27 1 42 22 2 0 0 5 0 0

0 0 0 0 14 47 24 37 15 0 0 30 18 0 0 7 0 38 2 0 22 5 4 11 0 49 0 0 22 34
0 0 2 0 6 0 0 40 6 5 35 17 0 0 0 8 19 0 0 0 0 43 8 14 35 13 1 38 48 0
0 2 0 0 0 0 0 6 33 4 0 48 0 0 21 43 32 0 38 0 6 8 45 0 37 26 48 31 0 0
0 0 0 0 29 0 33 21 6 33 20 0 0 0 49 27 0 47 4 27 0 0 14 20 0 41 0 33 0 0
14 6 0 29 0 0 0 46 0 0 0 40 4 48 0 0 6 15 0 45 41 26 46 0 48 0 34 6 21 43
47 0 0 0 0 0 28 47 0 31 10 48 1 0 2 0 0 0 4 0 0 0 7 32 0 44 14 0 0 0
24 0 0 33 0 28 0 14 17 0 47 33 22 0 34 18 0 0 35 20 48 49 12 15 22 49 40 0 10 9
37 40 6 21 46 47 14 0 0 11 0 15 0 4 14 0 32 49 0 27 3 48 46 6 38 18 18 25 36 0
15 6 33 6 0 0 17 0 0 0 0 0 0 0 47 0 36 24 25 11 0 15 9 10 17 0 44 16 49 29
0 5 4 33 0 31 0 11 0 0 34 0 0 27 0 0 21 19 41 0 18 0 0 5 0 5 10 24 0 0
0 35 0 20 0 10 47 0 0 34 0 0 0 35 0 47 34 47 33 0 0 0 6 17 43 0 0 0 11 0
30 17 48 0 40 48 33 15 0 0 0 0 8 0 0 27 0 17 0 0 0 2 42 18 0 9 10 44 40 6
18 0 0 0 4 1 22 0 0 0 0 8 0 0 0 37 41 0 8 0 0 0 0 35 0 0 0 4 35 12
0 0 0 0 48 0 0 4 0 27 35 0 0 0 0 0 0 0 0 44 0 0 25 31 0 0 3 33 47 0
0 0 21 49 0 2 34 14 47 0 0 0 0 0 0 48 19 7 46 0 0 41 35 11 37 25 35 6 34 40
7 8 43 27 0 0 18 0 0 0 47 27 37 0 48 0 0 4 0 0 0 0 0 35 30 30 24 49 0 0
0 19 32 0 6 0 0 32 36 21 34 0 41 0 19 0 0 0 16 23 35 0 44 26 13 0 29 0 29 49
38 0 0 47 15 0 0 49 24 19 47 17 0 0 7 4 0 0 16 49 0 0 36 0 24 48 27 0 39 0
2 0 38 4 0 4 35 0 25 41 33 0 8 0 46 0 16 16 0 39 5 12 2 0 0 0 45 0 17 0
0 0 0 27 45 0 20 27 11 0 0 0 0 44 0 0 23 49 39 0 0 0 14 1 0 1 28 0 0 33
22 0 6 0 41 0 48 3 0 18 0 0 0 0 0 0 35 0 5 0 0 0 0 39 47 40 18 2 0 0
5 43 8 0 26 0 49 48 15 0 0 2 0 0 41 0 0 0 12 0 0 0 22 21 0 0 6 0 27 0
4 8 45 14 46 7 12 46 9 0 6 42 0 25 35 0 44 36 2 14 0 22 0 18 48 0 40 21 20 0
11 14 0 20 0 32 15 6 10 5 17 18 35 31 11 35 26 0 0 1 39 21 18 0 20 42 0 0 0 31
0 35 37 0 48 0 22 38 17 0 43 0 0 0 37 30 13 24 0 0 47 0 48 20 0 0 18 22 0 2
49 13 26 41 0 44 49 18 0 5 0 9 0 0 25 30 0 48 0 1 40 0 0 42 0 0 13 39 15 26
0 1 48 0 34 14 40 18 44 10 0 10 0 3 35 24 29 27 45 28 18 6 40 0 18 13 0 45 0 39
0 38 31 33 6 0 0 25 16 24 0 44 4 33 6 49 0 0 0 0 2 0 21 0 22 39 45 0 0 40
22 48 0 0 21 0 10 36 49 0 11 40 35 47 34 0 29 39 17 0 0 27 20 0 0 15 0 0 0 14
34 0 0 0 43 0 9 0 29 0 0 6 12 0 40 0 49 0 0 33 0 0 0 31 2 26 39 40 14 0

