30

0 0 8 2 0 0 0 0 0 0 45 0 0 26 0 0 13 12 24 0 34 0 0 43 31 7 29 0 28 49
0 0 7 49 29 33 36 0 0 0 0 0 26 0 32 0 0 30 31 0 34 41 21 32 6 29 0 11 29 0
8 7 0 0 8 0 35 3 19 43 40 0 0 0 28 30 34 16 0 15 0 49 0 34 0 0 0 0 0 31
2 49 0 0 0 25 0 0 0 16 30 47 35 19 0 3 24 5 0 10 0 0 0 0 33 17 46 0 33 10
0 29 8 0 0 0 24 0 45 0 0 1 22 19 0 28 45 0 0 14 25 7 0 47 0 35 20 7 0 24
0 33 0 25 0 0 0 0 0 30 0 0 13 20 45 0 0 49 8 0 0 39 0 0 0 0 4 44 0 21
0 36 35 0 24 0 0 24 0 2 0 0 29 0 0 0 0 0 38 42 28 13 0 40 40 0 20 7 7 3
0 0 3 0 0 0 24 0 0 0 43 17 0 22 16 48 22 33 46 18 0 39 0 0 27 15 42 0 42 0
0 0 19 0 45 0 0 0 0 33 37 41 23 34 0 0 0 5 0 34 3 0 0 3 0 0 4 0 37 42
0 0 43 16 0 30 2 0 33 0 0 44 23 0 21 2 0 5 0 30 0 32 13 5 38 14 0 0 0 0
45 0 40 30 0 0 0 43 37 0 0 2 40 17 30 0 27 38 0 36 0 0 0 32 42 31 0 19 0 0
0 0 0 47 1 0 0 17 41 44 2 0 49 18 0 18 5 47 0 2 0 13 0 0 0 0 21 44 0 0
0 26 0 35 22 13 29 0 23 23 40 49 0 0 48 0 42 0 8 0 11 18 0 25 19 11 0 11 45 48
26 0 0 19 19 20 0 22 34 0 17 18 0 0 0 0 0 0 44 16 15 0 19 30 0 12 28 24 2 33
0 32 28 0 0 45 0 16 0 21 30 0 48 0 0 19 48 23 21 0 0 0 0 0 19 8 0 0 0 0
0 0 30 3 28 0 0 48 0 2 0 18 0 0 19 0 21 0 19 19 0 0 3 36 0 39 10 47 0 32
13 0 34 24 45 0 0 22 0 0 27 5 42 0 48 21 0 0 28 0 39 35 12 0 0 21 0 0 0 0
12 30 16 5 0 49 0 33 5 5 38 47 0 0 23 0 0 0 33 28 0 0 0 0 37 36 43 0 49 0
24 31 0 0 0 8 38 46 0 0 0 0 8 44 21 19 28 33 0 32 7 12 0 0 45 23 22 0 23 18
0 0 15 10 14 0 42 18 34 30 36 2 0 16 0 19 0 28 32 0 0 0 0 33 0 15 35 0 22 0
34 34 0 0 25 0 28 0 3 0 0 0 11 15 0 0 39 0 7 0 0 0 34 8 0 27 2 0 0 14
0 41 49 0 7 39 13 39 0 32 0 13 18 0 0 0 35 0 12 0 0 0 10 26 45 0 47 16 0 37
0 21 0 0 0 0 0 0 0 13 0 0 0 19 0 3 12 0 0 0 34 10 0 28 0 40 40 23 0 0
43 32 34 0 47 0 40 0 3 5 32 0 25 30 0 36 0 0 0 33 8 26 28 0 0 0 39 0 8 0
31 6 0 33 0 0 40 27 0 38 42 0 19 0 19 0 0 37 45 0 0 45 0 0 0 6 16 47 34 0
7 29 0 17 35 0 0 15 0 14 31 0 11 12 8 39 21 36 23 15 27 0 40 0 6 0 47 0 0 4
29 0 0 46 20 4 20 42 4 0 0 21 0 28 0 10 0 43 22 35 2 47 40 39 16 47 0 0 18 18
0 11 0 0 7 44 7 0 0 0 19 44 11 24 0 47 0 0 0 0 0 16 23 0 47 0 0 0 0 10
28 29 0 33 0 0 7 42 37 0 0 0 45 2 0 0 0 49 23 22 0 0 0 8 34 0 18 0 0 0
49 0 31 10 24 21 3 0 42 0 0 0 48 33 0 32 0 0 18 0 14 37 0 0 0 4 18 10 0 0

0 0 39 17 12 23 0 0 10 44 0 0 46 13 47 49 0 8 39 49 32 0 0 0 0 0 0 47 4 19
0 0 0 0 46 48 26 36 0 20 5 9 21 13 0 33 32 0 24 0 15 14 18 14 0 18 2 19 0 23
39 0 0 0 44 0 0 0 0 30 26 37 35 39 25 29 28 0 15 5 0 2 39 5 0 33 11 0 0 0
17 0 0 0 18 0 26 17 17 46 7 47 2 0 17 0 15 0 0 42 42 0 15 0 15 0 29 4 45 49
12 46 44 18 0 46 0 0 49 0 34 0 46 0 0 36 0 0 0 0 0 0 0 27 4 0 0 37 0 19
23 48 0 0 46 0 18 11 0 12 35 0 0 0 29 33 36 6 0 0 43 0 0 5 0 1 0 45 0 16
0 26 0 26 0 18 0 21 0 0 13 0 36 46 44 26 33 11 1 46 32 8 0 0 0 33 16 0 27 33
0 36 0 17 0 11 21 0 0 0 38 0 0 43 39 0 17 19 6 17 40 22 0 0 0 47 0 45 0 0
10 0 0 17 49 0 0 0 0 8 0 0 0 0 0 26 24 34 0 0 14 16 47 0 0 12 49 25 33 9
44 20 30 46 0 12 0 0 8 0 0 24 24 8 6 2 37 0 5 4 0 0 46 0 0 19 0 0 0 0
0 5 26 7 34 35 13 38 0 0 0 6 15 38 1 0 0 0 9 0 11 0 0 0 6 40 1 38 0 32
0 9 37 47 0 0 0 0 0 24 6 0 21 0 11 0 35 40 13 40 0 12 0 0 0 25 25 0 0 0
46 21 35 2 46 0 36 0 0 24 15 21 0 0 0 42 20 3 0 41 13 0 0 48 0 39 0 0 37 0
13 13 39 0 0 0 46 43 0 8 38 0 0 0 29 0 0 16 0 0 4 0 0 0 43 30 0 2 0 26
47 0 25 17 0 29 44 39 0 6 1 11 0 29 0 0 0 47 27 0 33 13 0 0 0 0 10 0 23 0
49 33 29 0 36 33 26 0 26 2 0 0 42 0 0 0 35 42 0 20 26 18 6 5 8 34 0 32 0 38
0 32 28 15 0 36 33 17 24 37 0 35 20 0 0 35 0 0 0 30 24 36 0 0 0 0 0 36 0 0
8 0 0 0 0 6 11 19 34 0 0 40 3 16 47 42 0 0 25 23 0 0 46 0 41 0 25 29 0 12
39 24 15 0 0 0 1 6 0 5 9 13 0 0 27 0 0 25 0 0 2 7 0 35 0 5 10 0 29 15
49 0 5 42 0 0 46 17 0 4 0 40 41 0 0 20 30 23 0 0 15 12 48 15 0 46 0 38 0 22
32 15 0 42 0 43 32 40 14 0 11 0 13 4 33 26 24 0 2 15 0 6 5 0 42 34 4 14 0 29
0 14 2 0 0 0 8 22 16 0 0 12 0 0 13 18 36 0 7 12 6 0 30 0 32 0 47 38 0 24
0 18 39 15 0 0 0 0 47 46 0 0 0 0 0 6 0 46 0 48 5 30 0 0 44 0 23 17 0 0
0 14 5 0 27 5 0 0 0 0 0 0 48 0 0 5 0 0 35 15 0 0 0 0 18 33 0 2 37 0
0 0 0 15 4 0 0 0 0 0 6 0 0 43 0 8 0 41 0 0 42 32 44 18 0 42 15 0 38 35
0 18 33 0 0 1 33 47 12 19 40 25 39 30 0 34 0 0 5 46 34 0 0 33 42 0 17 0 3 0
0 2 11 29 0 0 16 0 49 0 1 25 0 0 10 0 0 25 10 0 4 47 23 0 15 17 0 0 0 0
47 19 0 4 37 45 0 45 25 0 38 0 0 2 0 32 36 29 0 38 14 38 17 2 0 0 0 0 30 0
4 0 0 45 0 0 27 0 33 0 0 0 37 0 23 0 0 0 29 0 0 0 0 37 38 3 0 30 0 12
19 23 0 49 19 16 33 0 9 0 32 0 0 26 0 38 0 12 15 22 29 24 0 0 35 0 0 0 12 0

