30

0 37 39 17 3 24 13 36 48 2 25 37 0 17 44 25 0 20 43 3 48 2 22 0 45 0 0 0 49 48
37 0 22 0 0 38 0 34 0 42 0 0 0 0 0 35 42 0 17 0 0 0 0 40 28 0 31 0 43 7
39 22 0 1 0 0 30 1 20 44 38 0 26 25 40 28 2 0 31 8 0 34 31 0 0 0 27 48 6 11
17 0 1 0 0 32 48 0 37 44 14 30 46 0 48 0 0 0 28 38 0 34 27 0 0 10 0 0 4 4
3 0 0 0 0 0 4 2 17 0 0 0 0 44 18 17 0 0 16 18 0 14 9 37 48 0 21 33 0 0
24 38 0 32 0 0 42 0 0 0 17 0 13 0 20 10 0 27 0 0 18 43 0 45 0 0 1 0 0 0
13 0 30 48 4 42 0 0 16 15 22 0 38 0 31 11 47 9 37 0 0 40 0 0 0 48 6 13 0 10
36 34 1 0 2 0 0 0 46 32 9 18 48 23 0 25 0 19 0 48 0 13 0 0 0 46 35 28 0 0
48 0 20 37 17 0 16 46 0 27 12 0 41 22 0 43 3 8 27 26 5 0 20 33 44 12 0 13 0 17
2 42 44 44 0 0 15 32 27 0 12 0 0 0 9 33 0 0 35 2 0 1 0 0 45 0 0 0 0 40
25 0 38 14 0 17 22 9 12 12 0 0 0 27 0 0 0 0 39 0 0 46 0 48 0 31 0 46 25 0
37 0 0 30 0 0 0 18 0 0 0 0 2 17 17 0 4 0 0 0 0 0 0 0 10 42 26 0 37 47
0 0 26 46 0 13 38 48 41 0 0 2 0 0 0 2 0 0 34 38 44 0 21 16 17 34 0 0 12 11
17 0 25 0 44 0 0 23 22 0 27 17 0 0 0 0 2 39 20 49 25 8 46 6 28 0 47 0 0 0
44 0 40 48 18 20 31 0 0 9 0 17 0 0 0 35 0 5 4 27 11 38 16 24 4 0 27 30 0 11
25 35 28 0 17 10 11 25 43 33 0 0 2 0 35 0 46 2 34 35 0 30 0 0 6 26 35 1 0 11
0 42 2 0 0 0 47 0 3 0 0 4 0 2 0 46 0 14 17 0 17 41 37 42 0 2 38 35 9 0
20 0 0 0 0 27 9 19 8 0 0 0 0 39 5 2 14 0 0 0 41 30 0 8 0 0 0 43 49 0
43 17 31 28 16 0 37 0 27 35 39 0 34 20 4 34 17 0 0 44 26 34 26 47 41 30 1 0 11 0
3 0 8 38 18 0 0 48 26 2 0 0 38 49 27 35 0 0 44 0 40 31 48 0 7 0 38 0 16 38
48 0 0 0 0 18 0 0 5 0 0 0 44 25 11 0 17 41 26 40 0 0 0 28 0 12 17 0 0 0
2 0 34 34 14 43 40 13 0 1 46 0 0 8 38 30 41 30 34 31 0 0 0 12 0 36 2 0 48 4
22 0 31 27 9 0 0 0 20 0 0 0 21 46 16 0 37 0 26 48 0 0 0 36 0 0 40 18 0 28
0 40 0 0 37 45 0 0 33 0 48 0 16 6 24 0 42 8 47 0 28 12 36 0 0 21 0 3 0 34
45 28 0 0 48 0 0 0 44 45 0 10 17 28 4 6 0 0 41 7 0 0 0 0 0 7 0 44 0 0
0 0 0 10 0 0 48 46 12 0 31 42 34 0 0 26 2 0 30 0 12 36 0 21 7 0 0 0 0 0
0 31 27 0 21 1 6 35 0 0 0 26 0 47 27 35 38 0 1 38 17 2 40 0 0 0 0 25 39 11
0 0 48 0 33 0 13 28 13 0 46 0 0 0 30 1 35 43 0 0 0 0 18 3 44 0 25 0 20 13
49 43 6 4 0 0 0 0 0 0 25 37 12 0 0 0 9 49 11 16 0 48 0 0 0 0 39 20 0 0
48 7 11 4 0 0 10 0 17 40 0 47 11 0 11 11 0 0 0 38 0 4 28 34 0 0 11 13 0 0

0 36 0 0 0 36 23 11 0 2 0 8 0 21 0 40 26 8 0 0 0 42 16 11 32 16 29 23 20 21
36 0 0 2 33 0 0 15 6 27 26 33 0 0 9 0 34 2 11 32 0 0 0 0 26 0 14 0 46 10
0 0 0 0 11 0 14 13 15 0 21 0 25 0 26 0 0 0 18 0 1 41 0 8 46 0 6 0 0 47
0 2 0 0 0 25 6 30 24 40 40 0 27 0 0 0 36 0 27 0 0 0 0 47 40 37 0 31 0 0
0 33 11 0 0 8 18 0 23 0 0 17 0 46 11 0 0 19 0 0 3 8 0 6 14 35 40 37 0 47
36 0 0 25 8 0 0 26 16 0 23 0 4 0 0 32 24 0 32 41 49 16 0 47 1 0 48 0 26 0
23 0 14 6 18 0 0 0 0 0 0 0 0 40 2 0 0 28 3 0 23 42 0 0 23 33 14 0 42 5
11 15 13 30 0 26 0 0 0 0 47 9 0 9 16 34 7 0 11 34 0 21 27 0 0 3 4 0 0 49
0 6 15 24 23 16 0 0 0 29 0 24 46 11 0 32 1 0 0 13 24 5 39 25 37 13 27 46 0 1
2 27 0 40 0 0 0 0 29 0 16 0 21 46 0 14 32 0 0 0 0 41 13 0 49 0 19 33 0 0
0 26 21 40 0 23 0 47 0 16 0 41 0 0 16 0 0 8 13 45 4 0 29 17 31 39 0 32 0 0
8 33 0 0 17 0 0 9 24 0 41 0 0 26 0 0 0 0 0 36 0 18 2 1 15 49 0 42 49 0
0 0 25 27 0 4 0 0 46 21 0 0 0 0 16 13 0 11 49 48 16 46 0 6 26 20 36 26 0 24
21 0 0 0 46 0 40 9 11 46 0 26 0 0 0 39 17 44 0 6 0 0 1 0 2 4 24 49 0 10
0 9 26 0 11 0 2 16 0 0 16 0 16 0 0 36 0 41 0 0 45 0 0 0 0 0 0 0 0 29
40 0 0 0 0 32 0 34 32 14 0 0 13 39 36 0 5 0 35 30 15 4 19 0 0 4 43 0 0 26
26 34 0 36 0 24 0 7 1 32 0 0 0 17 0 5 0 0 0 0 37 43 22 23 21 0 16 29 0 21
8 2 0 0 19 0 28 0 0 0 8 0 11 44 41 0 0 0 0 35 0 24 32 33 25 46 0 0 0 0
0 11 18 27 0 32 3 11 0 0 13 0 49 0 0 35 0 0 0 0 0 20 0 0 46 10 3 27 0 0
0 32 0 0 0 41 0 34 13 0 45 36 48 6 0 30 0 35 0 0 15 41 0 0 40 22 0 3 0 0
0 0 1 0 3 49 23 0 24 0 4 0 16 0 45 15 37 0 0 15 0 23 10 0 38 24 0 0 37 0
42 0 41 0 8 16 42 21 5 41 0 18 46 0 0 4 43 24 20 41 23 0 33 0 16 0 16 0 0 1
16 0 0 0 0 0 0 27 39 13 29 2 0 1 0 19 22 32 0 0 10 33 0 0 44 15 0 12 13 3
11 0 8 47 6 47 0 0 25 0 17 1 6 0 0 0 23 33 0 0 0 0 0 0 46 3 0 11 42 0
32 26 46 40 14 1 23 0 37 49 31 15 26 2 0 0 21 25 46 40 38 16 44 46 0 26 38 0 21 19
16 0 0 37 35 0 33 3 13 0 39 49 20 4 0 4 0 46 10 22 24 0 15 3 26 0 20 8 5 0
29 14 6 0 40 48 14 4 27 19 0 0 36 24 0 43 16 0 3 0 0 16 0 0 38 20 0 6 0 0
23 0 0 31 37 0 0 0 46 33 32 42 26 49 0 0 29 0 27 3 0 0 12 11 0 8 6 0 0 33
20 46 0 0 0 26 42 0 0 0 0 49 0 0 0 0 0 0 0 0 37 0 13 42 21 5 0 0 0 0
21 10 47 0 47 0 5 49 1 0 0 0 24 10 29 26 21 0 0 0 0 1 3 0 19 0 0 33 0 0

