tai175e01
OFV=57540
Best solution:
114 62 37 42 9 158 155 35 25 40 137 136 149 34 165 58 8 2 64 18 170 101 124 166 173 94 87 24 15 132 130 5 16 75 147 26 73 61 7 131 78 105 109 113 145 164 33 23 4 159 133 151 66 138 77 152 21 85 69 80 32 144 167 174 161 148 100 93 96 41 83 111 126 49 115 175 98 135 142 140 63 116 106 92 48 88 74 57 99 121 91 68 160 163 90 162 29 169 129 46 95 110 120 47 12 14 51 112 150 139 22 6 36 108 172 71 102 20 157 86 168 30 81 143 122 67 27 54 52 118 39 65 76 50 141 84 171 146 70 104 79 128 55 103 56 97 53 117 82 43 45 89 31 60 13 107 153 19 3 154 125 134 119 1 123 10 59 17 127 44 156 72 28 38 11 

tai175e02
OFV=50110
Best solution:
89 158 163 13 60 141 97 135 133 76 146 16 34 41 164 27 154 1 56 75 52 86 77 9 55 74 33 47 111 14 166 67 139 148 66 121 24 7 8 175 153 171 70 114 43 142 156 144 54 84 103 61 96 152 65 64 99 170 157 57 173 106 116 155 112 145 160 130 138 105 147 15 40 87 108 71 44 32 129 128 100 46 167 113 161 115 165 122 98 10 48 140 151 118 26 37 93 72 137 95 31 117 28 159 126 36 11 149 30 20 50 123 69 162 104 127 80 78 83 88 51 132 42 92 101 131 35 58 22 174 63 39 82 17 120 53 136 6 107 81 25 102 134 49 109 110 91 62 119 19 90 79 5 85 125 124 94 143 169 45 59 168 4 12 18 38 29 150 2 73 23 3 172 68 21

tai175e03
OFV=53900
Best solution:
111 99 92 148 26 164 151 114 89 78 94 115 93 120 124 35 34 145 58 45 133 173 107 165 51 75 136 104 95 130 113 121 57 63 106 22 132 100 1 9 77 125 65 8 101 47 53 84 39 144 28 69 119 76 48 14 64 54 7 170 55 13 143 157 138 174 171 141 31 122 105 123 42 109 40 60 30 163 81 80 131 38 3 49 154 61 27 18 37 44 83 11 85 12 160 87 56 167 82 168 2 72 146 112 142 6 127 43 139 129 117 103 33 102 46 150 126 110 50 172 52 4 96 135 21 97 71 74 166 36 59 66 29 98 90 10 32 175 137 20 17 5 134 108 159 73 62 88 91 79 153 162 41 25 128 23 70 152 140 86 149 116 19 147 169 15 156 67 161 24 155 118 158 68 16 

OFV=53900
Best solution:
111 99 92 148 26 164 151 114 89 78 94 115 93 120 124 35 34 8 58 45 133 173 107 165 51 75 25 104 95 130 113 121 57 63 106 22 136 100 1 9 77 125 65 145 101 47 53 84 39 144 28 69 119 76 48 14 64 54 7 170 55 13 143 157 138 174 171 141 31 122 105 123 42 109 40 60 30 163 81 80 131 38 3 49 154 61 27 18 37 44 83 11 85 12 160 87 56 167 82 168 2 72 146 112 142 6 127 43 139 129 117 103 33 102 46 150 126 110 50 172 52 4 96 135 21 97 71 74 166 36 59 66 29 98 90 10 32 175 137 20 17 5 134 108 159 73 62 88 91 79 153 162 41 132 128 23 70 152 140 86 149 116 19 147 169 15 156 67 161 24 155 118 158 68 16 

OFV=53900
Best solution:
111 99 92 148 26 164 151 114 89 78 94 115 93 120 124 35 34 145 58 45 133 173 107 165 51 75 136 104 95 130 113 121 57 63 106 22 132 100 1 9 77 125 65 8 101 47 53 84 39 144 28 69 119 76 48 14 64 54 7 170 55 13 143 157 138 174 171 141 31 122 105 123 42 109 40 60 30 163 81 80 131 38 3 49 154 61 27 18 37 44 83 11 85 12 160 87 56 16 82 168 2 72 146 112 142 6 127 43 139 129 117 103 33 102 46 150 126 110 50 172 52 4 96 135 21 97 71 74 166 36 59 66 29 98 90 10 32 175 137 20 17 5 134 108 159 73 62 88 91 79 153 162 41 25 128 23 70 152 140 86 149 116 19 147 169 15 156 67 161 24 155 118 158 68 167

tai175e04
OFV=60416
Best solution:
135 17 76 145 140 106 70 128 52 37 18 8 58 155 108 96 124 21 133 115 175 24 40 28 63 161 163 171 168 72 49 38 9 64 95 16 153 136 4 61 107 19 158 90 57 119 87 47 83 93 104 81 130 68 149 99 146 174 46 54 45 164 74 35 12 1 39 166 41 7 169 6 23 97 111 98 112 30 103 92 77 148 26 13 121 110 88 94 71 20 5 62 60 29 89 10 122 123 2 80 34 134 138 55 66 69 91 82 142 118 33 36 151 154 132 85 167 102 144 157 143 162 160 84 105 27 116 147 78 165 139 42 109 25 117 14 172 86 120 152 65 141 159 73 137 32 15 53 173 44 11 113 150 170 126 156 31 101 100 67 75 50 48 131 79 3 51 114 129 127 56 43 125 22 59

tai175e05
OFV=50004
Best solution:
98 112 52 41 8 174 156 14 133 83 3 95 153 54 46 82 92 20 148 84 130 111 117 140 149 5 50 35 129 40 65 60 75 63 12 110 66 107 99 70 61 162 142 158 172 78 73 109 86 89 152 127 81 166 94 104 93 18 47 56 58 167 123 29 143 146 43 62 4 11 64 10 114 124 6 51 38 13 57 159 87 34 175 154 76 71 96 42 25 126 31 144 168 53 90 169 32 22 125 170 16 163 21 151 173 105 136 19 74 68 1 137 67 147 131 102 69 88 132 7 17 2 27 165 97 155 44 150 116 103 48 37 28 39 160 106 122 115 138 91 134 9 135 100 24 59 55 120 141 23 77 145 121 49 171 15 26 128 119 79 30 45 113 36 80 157 108 85 161 33 101 118 164 139 72 

tai175e06
OFV=54752
Best solution:
81 117 151 55 166 115 142 101 14 148 172 48 49 63 70 97 94 132 112 84 6 9 20 135 171 155 24 26 2 36 25 158 160 39 29 174 162 82 45 47 113 89 116 136 32 103 53 125 124 33 104 108 161 127 146 44 139 52 98 41 131 75 62 13 129 145 54 60 83 159 30 79 147 40 12 137 67 74 90 126 56 107 149 72 114 4 134 21 111 150 28 143 118 58 35 121 1 156 157 68 120 86 31 153 93 3 167 42 50 128 11 23 100 19 16 17 85 154 141 77 165 5 130 144 38 80 88 138 15 133 140 37 122 170 73 91 92 43 102 8 51 22 10 109 87 164 152 110 46 34 66 69 96 106 99 78 175 119 169 71 173 7 64 168 105 27 18 57 59 65 163 61 76 95 123

tai175e07
OFV=52178
Best solution: 
23 168 161 92 108 173 43 12 71 22 91 145 21 159 137 102 88 114 165 166 17 47 107 65 39 35 109 132 118 158 148 58 155 135 115 63 60 42 170 6 2 97 144 93 80 139 69 134 3 81 24 77 111 54 104 122 10 7 128 110 41 73 61 49 27 30 32 78 133 105 131 37 13 100 174 11 175 156 68 154 56 48 160 51 76 124 163 129 89 36 138 62 75 157 103 45 33 82 70 44 98 142 31 79 67 152 14 130 28 53 87 74 94 167 147 15 117 125 164 85 8 113 52 136 46 72 96 171 9 16 38 143 59 29 140 57 64 20 40 99 83 18 150 90 55 86 95 123 169 84 101 106 127 19 162 26 50 121 146 1 126 34 153 151 116 149 25 4 141 119 5 172 66 120 112 

tai175e08
OFV=55024
Best solution:
43 147 27 158 75 132 175 48 90 129 74 53 100 151 73 136 110 103 94 38 143 51 12 167 172 125 140 166 165 106 9 36 126 42 88 72 152 64 61 7 144 25 92 101 116 39 16 13 67 169 55 111 161 20 174 80 128 31 162 122 11 99 156 91 14 23 76 89 17 112 40 173 105 164 124 121 66 45 56 153 19 30 50 26 115 63 68 134 109 102 163 32 154 10 84 123 120 58 168 146 85 6 104 47 59 95 35 70 8 150 148 37 108 135 57 5 119 1 49 142 130 60 160 127 83 28 137 15 114 141 44 149 54 71 52 34 98 145 138 118 96 93 4 3 139 41 2 79 69 33 159 77 133 86 62 131 107 78 155 22 170 113 97 157 29 117 82 46 65 81 24 87 21 171 18

tai175e09
OFV=50020
Best solution:
55 160 40 121 61 84 89 109 96 16 67 119 10 73 103 153 173 122 14 80 159 87 141 154 76 63 175 157 49 101 144 24 44 3 163 33 15 170 6 30 59 174 21 135 38 36 108 91 43 152 23 4 69 45 78 95 28 62 64 56 13 83 86 106 162 155 113 156 166 39 171 116 97 75 172 93 143 124 165 92 127 120 66 142 77 12 37 110 81 168 72 8 29 145 138 65 118 140 17 58 35 27 82 133 74 123 25 137 94 164 117 34 48 99 125 19 115 146 9 104 51 5 105 68 46 147 85 22 161 88 134 128 136 130 71 102 158 107 129 31 57 70 42 54 112 20 114 52 11 26 32 132 148 1 149 139 98 41 100 126 2 60 90 169 50 47 79 131 18 7 53 150 167 111 151

tai175e10
OFV=51022
Best solution:
68 48 100 27 72 138 91 160 55 6 116 111 79 110 20 35 37 102 31 157 44 88 85 46 118 149 75 87 70 17 123 161 103 139 164 54 144 89 66 96 134 77 108 148 39 90 107 151 133 14 125 104 1 150 159 47 162 56 128 131 4 52 86 83 130 174 5 156 153 146 98 112 40 18 142 45 143 141 78 11 80 109 32 105 22 84 132 95 51 74 63 101 16 173 94 154 60 26 106 10 42 71 34 114 62 65 12 81 19 158 135 165 24 76 28 166 3 93 171 121 15 124 53 67 140 127 9 8 43 119 170 172 168 126 175 59 64 61 147 58 97 167 69 115 13 122 169 57 33 38 25 117 50 36 152 41 129 163 7 73 2 21 113 137 23 30 136 49 92 99 145 29 82 155 120

tai175e11
OFV=54384
Best solution:
45 87 119 28 135 96 158 174 11 38 44 41 19 53 51 125 108 100 36 76 79 165 54 172 107 17 66 4 147 68 146 149 42 8 74 70 110 145 29 80 3 71 77 30 5 94 2 7 136 129 99 69 49 105 163 55 6 81 139 168 151 78 170 161 166 120 155 14 148 131 95 23 160 169 117 52 84 109 97 43 65 159 157 93 103 122 126 90 144 127 50 102 116 18 88 64 20 56 164 13 67 21 128 130 92 171 16 25 24 32 114 9 27 35 61 91 150 40 175 143 46 33 153 60 106 142 123 89 138 104 26 59 12 86 113 98 118 101 156 15 31 162 63 140 22 10 137 48 34 1 173 121 112 154 111 57 62 134 132 39 73 82 133 72 37 115 141 167 58 47 85 83 152 124 75 

tai175e12
OFV=57492
Best solution:
109 99 166 8 137 112 110 160 43 147 97 33 146 18 48 118 36 32 78 145 102 64 62 133 72 77 127 68 120 144 139 5 170 26 115 141 153 157 142 167 84 128 66 149 9 82 81 148 91 175 116 46 88 1 38 104 25 95 154 96 122 27 79 87 61 131 76 22 2 35 117 20 11 85 135 55 63 143 50 80 159 174 90 23 7 73 126 103 69 47 39 129 156 136 161 165 71 152 53 121 162 40 108 6 37 134 168 67 34 124 31 132 164 65 13 171 15 86 70 138 3 52 10 105 14 19 4 150 49 111 106 75 172 173 140 42 12 83 93 113 92 44 24 30 58 28 155 101 125 119 158 94 74 16 59 114 45 107 54 29 163 56 151 89 130 123 17 169 100 98 57 60 41 51 21 

tai175e13
OFV=58952
Best solution:
109 167 20 153 122 131 142 161 47 175 54 5 26 10 128 23 162 66 37 125 106 99 138 141 13 40 63 114 45 90 65 42 174 132 60 43 38 44 119 112 98 62 97 17 104 87 126 77 171 41 12 129 27 169 165 64 140 111 156 84 78 24 6 80 81 25 3 145 19 51 48 120 133 53 118 157 113 35 123 135 31 52 68 4 116 34 16 83 103 33 50 94 144 166 67 57 159 134 151 1 55 158 39 108 85 56 89 152 172 121 70 110 115 14 107 59 117 91 147 76 32 30 29 72 28 9 173 137 75 46 49 92 146 130 127 143 170 79 73 100 139 95 15 149 71 74 154 58 18 164 69 22 8 88 101 163 124 168 36 136 150 86 7 96 11 21 148 160 102 155 2 93 105 61 82

tai175e14
OFV=52430
Best solution:
62 31 50 103 32 89 43 116 52 1 63 120 127 17 121 73 65 54 36 35 122 24 119 174 40 75 85 111 150 42 70 147 84 140 19 110 101 149 136 168 72 2 11 129 14 29 78 123 154 53 18 141 94 56 66 115 9 133 146 102 159 144 171 22 165 118 166 155 88 152 28 5 39 145 59 98 57 79 20 46 156 134 113 173 30 108 6 137 143 109 21 142 74 175 135 33 169 104 60 26 167 90 126 86 41 106 76 58 55 170 25 44 99 158 49 91 97 161 7 160 61 27 93 164 125 23 95 12 16 67 34 128 138 48 82 81 163 38 45 132 107 87 92 131 114 100 151 64 83 112 105 96 4 15 71 37 3 69 68 157 47 139 80 117 124 51 148 162 172 10 153 77 13 8 130 

tai175e15
OFV=47092
Best solution: 
145 68 31 20 2 165 77 88 54 75 8 103 82 5 49 33 9 25 65 38 117 12 61 24 96 42 39 109 72 99 47 147 125 43 13 104 14 124 110 173 149 73 150 114 59 35 169 83 154 102 137 107 76 19 45 120 143 131 40 144 74 121 23 126 64 78 155 98 67 135 171 58 140 90 69 172 48 130 164 89 142 57 113 101 16 123 93 18 166 85 53 37 66 87 167 128 146 174 71 50 92 17 70 118 151 100 159 34 79 106 141 122 132 116 86 156 81 46 97 138 32 4 152 157 105 80 168 21 26 95 41 119 51 52 112 115 63 60 27 175 30 29 7 134 153 36 136 62 6 158 3 170 139 111 161 162 56 160 91 1 133 129 108 10 94 148 11 163 28 15 22 84 44 127 55 

tai175e16
OFV=55764
Best solution:
155 159 3 116 157 68 81 134 118 55 142 135 78 44 43 23 25 85 133 63 83 107 64 57 174 28 137 102 136 124 172 139 117 99 89 31 5 59 140 84 158 113 56 148 79 94 9 151 1 120 105 74 33 38 112 97 72 88 36 32 71 122 75 46 48 164 127 131 37 50 108 27 91 8 12 70 40 47 66 49 171 24 147 144 62 149 16 26 162 77 168 145 125 67 103 13 15 106 169 82 128 161 109 69 22 150 20 90 95 163 45 173 2 114 80 53 86 4 98 126 54 175 7 10 132 166 65 165 6 111 92 96 30 110 160 154 141 39 19 152 130 119 100 11 17 29 156 115 146 153 138 121 18 167 93 143 21 76 14 170 123 34 104 87 41 35 129 73 58 51 101 52 60 61 42 

tai175e17
OFV=57690
Best solution: 
89 169 172 91 153 57 174 115 1 51 40 15 43 54 41 81 13 128 69 101 97 6 84 102 159 16 99 9 63 38 90 118 78 148 79 23 35 163 134 96 14 105 144 87 58 7 161 111 165 155 10 5 53 47 24 36 156 149 28 143 59 44 126 50 48 127 62 86 82 55 166 158 122 65 141 129 25 167 45 60 140 109 72 32 31 39 18 157 27 93 130 19 11 26 123 112 29 85 74 160 4 137 142 33 150 139 164 146 8 94 92 119 117 173 108 114 152 71 133 151 175 42 56 34 73 171 110 70 46 107 61 3 75 30 116 136 106 138 113 103 100 132 76 66 120 135 21 52 131 12 124 80 77 67 68 121 37 98 22 2 83 49 168 147 20 154 64 88 162 95 145 125 17 170 104 

tai175e18
OFV=47972
Best solution: 
51 127 105 166 52 175 79 18 22 41 95 169 81 31 84 8 171 48 23 88 150 109 120 72 58 36 103 135 85 113 142 63 125 100 164 26 155 11 86 38 161 30 154 136 29 107 174 143 138 33 133 73 71 126 53 16 47 17 160 57 35 68 94 5 13 44 117 20 90 1 123 70 80 67 173 108 93 167 121 50 152 130 99 132 60 55 153 74 34 46 118 49 124 131 21 146 3 45 112 115 62 122 24 172 134 77 147 114 64 69 40 14 145 43 12 151 137 75 165 149 104 119 96 111 97 106 42 10 159 144 39 2 92 9 83 157 89 162 27 139 101 56 66 4 129 141 148 59 32 91 102 65 28 19 98 156 25 170 76 110 15 128 116 54 163 82 6 87 37 78 61 168 158 140 7  

tai175e19
OFV=49974
Best solution: 
39 96 134 83 3 28 143 120 40 54 169 102 149 18 93 166 68 136 53 1 62 55 106 38 111 159 114 122 6 162 79 110 144 66 94 171 70 127 124 101 165 174 51 31 41 146 43 137 99 8 168 72 59 23 121 80 85 9 150 152 42 17 154 2 100 129 48 163 131 147 113 155 56 20 74 30 73 86 142 71 108 139 117 33 36 130 88 161 26 11 60 34 90 35 105 44 81 135 97 7 145 47 49 133 103 19 75 115 123 63 84 50 15 158 10 37 45 77 91 61 76 138 32 67 148 13 167 14 157 119 175 22 173 78 164 27 82 87 172 95 64 57 109 132 112 128 126 104 92 52 12 160 16 69 25 98 29 65 125 107 140 141 153 24 21 5 89 151 156 170 116 58 4 46 118  

tai175e20
OFV=55342
Best solution:
90 153 11 63 88 47 94 59 103 45 2 105 49 95 7 56 84 85 164 168 160 33 150 120 149 133 126 111 72 166 175 122 74 100 138 10 66 135 64 68 97 38 26 92 54 136 161 82 75 27 13 137 170 102 43 40 134 140 81 114 67 41 14 5 9 157 152 39 51 173 128 48 130 24 73 83 124 96 123 169 70 58 62 151 17 86 29 52 155 118 113 28 131 69 46 174 167 139 42 8 107 132 116 34 148 79 121 36 22 141 21 12 35 125 108 60 1 127 23 129 57 61 119 117 142 89 98 16 32 101 159 112 147 44 87 6 15 109 110 156 144 172 163 31 146 143 80 171 19 115 25 76 37 162 93 65 3 78 158 20 106 18 91 53 104 50 99 77 30 165 4 71 55 154 145 


