tai125e01
OFV=35426
Best solution:
108 68 98 110 12 22 2 47 43 15 20 89 28 65 40 125 30 3 66 23 58 82 4 48 76 103 17 31 122 64 85 46 119 95 60 107 5 124 80 49 99 86 8 32 18 56 75 92 11 113 116 6 72 13 7 16 41 54 101 73 94 79 52 96 109 97 71 83 57 105 51 117 50 26 37 78 1 29 118 39 10 104 55 111 69 112 84 36 74 59 24 53 63 93 27 45 120 21 106 67 70 62 114 42 33 115 25 81 87 35 61 14 38 19 34 9 102 123 44 77 88 100 90 121 91

tai125e02
OFV=36178
Best solution:
115 125 60 105 51 56 107 10 112 116 97 38 74 117 93 15 118 72 75 11 76 67 35 13 12 110 22 4 42 45 85 48 95 109 20 111 21 30 57 25 7 58 103 16 83 1 40 24 61 70 34 102 39 73 17 23 123 99 68 88 86 106 14 41 31 27 49 3 43 29 66 8 55 77 90 2 46 36 19 119 96 52 113 54 71 114 87 94 122 44 92 64 9 79 63 5 32 80 65 98 101 124 84 69 78 28 26 100 89 37 91 81 82 47 108 50 120 6 53 104 121 62 59 33 18 

tai125e03
OFV=30498
Best solution:
80 77 12 39 88 7 107 83 35 41 6 17 15 52 1 76 84 23 92 25 112 40 29 73 85 103 20 56 38 89 78 75 119 121 60 79 46 28 74 125 90 11 111 43 33 32 98 109 122 110 22 44 42 108 50 95 66 55 30 49 120 101 58 94 70 2 81 37 65 91 62 27 93 86 99 19 53 8 113 116 69 105 5 3 26 9 54 102 16 13 118 18 57 45 59 123 104 47 21 31 64 68 67 106 4 14 115 82 72 87 36 114 63 124 96 100 51 24 48 97 10 34 117 71 61 

tai125e04
OFV=33084
Best solution:
102 105 110 32 2 75 34 85 14 26 31 125 40 67 93 20 62 113 24 23 123 104 97 94 30 59 38 5 71 15 114 124 55 11 98 51 65 63 7 112 13 83 79 88 118 36 52 8 64 103 57 58 96 45 22 122 56 19 16 42 99 60 78 108 3 90 89 107 41 17 28 27 121 6 77 120 66 50 18 48 4 68 72 119 35 84 95 106 54 10 43 115 25 101 47 117 92 9 53 80 21 73 109 81 46 116 49 44 33 39 69 70 1 76 74 91 100 86 87 61 82 111 12 37 29  

OFV=33084
Best solution:
102 39 110 32 2 75 34 85 14 26 31 125 40 67 93 20 62 113 24 23 123 104 1 94 30 59 38 5 71 12 114 124 55 11 98 51 65 63 7 112 13 83 79 88 118 36 52 8 64 103 57 58 96 45 22 122 56 19 16 42 99 60 78 108 3 90 89 107 41 17 28 27 121 6 77 120 66 50 18 48 4 68 72 119 35 84 95 106 54 10 43 115 25 101 47 117 92 9 53 80 21 73 109 81 46 116 49 44 33 105 69 70 97 76 74 91 100 86 87 61 82 111 15 37 29

tai125e05
OFV=37210
Best solution:
102 69 44 82 13 114 93 91 110 72 47 65 9 96 95 119 88 94 3 105 18 80 74 64 68 99 53 24 122 89 77 113 125 11 1 60 75 12 35 5 120 29 106 62 108 26 104 123 79 19 46 63 43 118 48 20 23 58 111 15 78 54 30 6 124 27 57 14 10 84 83 121 59 112 42 70 90 25 33 73 21 109 41 32 115 40 81 100 8 22 17 28 117 36 71 39 56 85 50 92 51 107 116 86 98 87 34 101 67 31 97 103 76 37 16 7 52 38 66 49 61 45 55 4 2

tai125e06
OFV=34624
Best solution:
99 84 4 98 90 76 66 97 81 78 15 33 47 120 41 102 111 82 43 35 63 112 21 13 48 115 45 57 42 91 3 16 29 94 37 117 59 88 34 46 69 70 12 8 14 83 30 54 104 25 31 52 27 1 87 26 107 74 9 28 93 20 95 68 11 17 6 58 119 118 77 7 122 51 106 53 50 79 73 49 89 39 61 123 96 56 38 22 86 18 64 5 40 100 80 55 103 109 105 114 19 92 72 124 71 101 113 60 10 67 62 125 44 24 121 65 36 116 2 32 23 75 110 85 108

tai125e07
OFV=31466
Best solution:
8 17 15 103 68 97 60 83 71 5 112 2 88 9 118 84 48 12 46 25 102 77 87 115 92 121 104 94 47 49 29 107 91 50 35 125 82 1 74 7 11 36 75 109 37 99 32 69 86 10 76 33 72 117 55 45 4 19 70 81 51 80 95 22 98 122 108 73 34 52 90 111 63 101 116 57 119 26 54 24 56 28 23 100 43 62 59 114 96 123 3 21 44 85 78 65 67 64 42 124 13 38 58 93 6 39 40 14 106 61 30 89 20 27 41 105 53 113 18 110 31 79 120 16 66

tai125e08
OFV=34424
Best solution:
88 21 37 18 76 83 121 1 114 54 117 73 97 63 96 84 92 112 23 111 31 106 48 101 57 77 119 56 107 17 68 19 22 89 43 99 118 10 7 52 15 113 95 50 102 5 32 49 62 78 11 74 20 8 53 35 36 60 125 3 67 33 90 109 103 94 26 12 80 14 25 55 66 104 123 75 110 51 72 39 24 86 9 58 38 4 64 81 108 34 85 65 59 79 91 115 93 42 30 16 69 70 71 44 45 100 120 61 27 13 105 122 28 124 2 46 47 41 98 6 40 29 116 87 82 

tai125e09
OFV=34244
Best solution:
96 72 64 32 5 66 40 85 47 52 69 62 34 43 14 79 30 49 118 33 105 113 20 103 29 61 89 53 92 101 120 124 25 59 8 68 46 110 77 38 35 95 44 73 87 67 12 3 114 55 4 99 109 24 50 122 60 94 102 48 88 112 26 125 36 91 42 51 37 7 16 58 65 74 27 6 117 97 81 107 116 93 1 83 15 23 82 18 84 28 71 98 106 108 86 56 22 17 119 10 9 90 111 54 76 104 11 123 21 2 70 121 63 13 115 80 45 100 78 75 57 39 19 31 41

OFV=34244
Best solution:
96 72 64 32 5 11 40 85 47 52 69 62 34 43 14 79 30 49 118 33 105 113 20 103 29 61 89 53 92 101 120 124 25 59 8 68 46 110 77 38 35 95 44 73 87 67 12 3 114 55 4 99 109 24 50 122 60 94 102 48 88 112 26 125 36 91 42 51 37 7 16 58 65 74 27 6 117 97 81 107 45 93 1 83 15 23 82 18 84 28 71 98 106 108 86 56 66 17 119 10 9 90 111 54 76 104 22 123 21 2 70 121 63 13 115 80 116 100 78 75 57 39 19 31 41

tai125e10
OFV=34898
Best solution:
96 114 99 33 22 69 68 18 73 122 113 16 13 72 57 38 48 78 15 102 98 14 27 6 75 58 12 20 26 65 63 40 89 62 61 80 118 101 107 125 10 49 31 104 60 53 85 42 115 2 32 83 103 3 43 81 1 34 21 110 97 100 19 54 55 86 106 70 111 71 17 59 37 112 120 23 95 47 76 117 66 39 45 87 7 44 119 52 67 82 121 123 109 94 77 93 29 25 88 36 64 41 24 56 90 35 124 92 28 84 4 9 91 50 11 116 5 46 30 8 105 108 74 79 51 

96 114 99 33 22 69 68 18 73 122 113 16 13 72 57 38 48 78 15 102 98 14 27 6 75 58 12 20 26 65 63 40 89 62 61 80 118 101 107 125 10 49 31 104 60 53 85 42 115 2 32 83 103 3 43 81 1 34 21 110 97 100 19 54 55 86 106 70 111 71 17 59 37 112 120 23 95 47 76 117 66 39 45 87 7 44 119 52 67 82 121 123 109 94 77 93 29 25 88 36 64 41 24 56 90 35 124 92 28 84 4 9 91 50 11 116 5 46 30 8 105 108 74 79 51 

tai125e11
OFV=32186
Best solution:
81 25 21 51 117 79 7 20 41 42 76 9 105 16 99 87 89 66 50 19 70 55 12 82 118 39 100 36 96 52 71 72 10 37 125 43 59 61 18 57 48 4 77 114 83 85 75 64 23 122 108 106 30 5 111 80 121 98 2 53 73 34 78 47 68 38 49 103 67 123 3 60 29 120 107 92 22 113 115 13 116 6 15 102 62 32 104 44 84 101 112 88 65 1 95 91 63 31 90 8 93 14 35 27 26 45 74 94 109 40 119 46 17 54 86 110 97 124 56 11 28 33 69 24 58

tai125e12
OFV=32326
Best solution:
82 33 81 84 15 63 2 42 108 123 113 73 56 102 53 24 124 50 76 14 16 79 61 91 26 36 85 34 119 57 89 106 109 59 44 55 19 88 68 70 121 100 21 72 71 60 87 31 112 77 41 29 22 93 54 94 51 37 64 99 1 7 110 45 75 9 90 48 40 103 78 111 65 83 80 6 97 92 104 3 105 18 35 67 98 39 114 46 30 95 96 101 116 25 27 13 32 4 52 47 66 115 69 58 28 86 122 10 120 20 12 5 117 43 38 125 74 118 107 17 11 49 62 23 8  

tai125e13
OFV=34364
Best solution:
109 21 91 56 122 36 76 55 87 89 32 49 5 20 59 86 83 123 15 101 111 68 78 43 63 102 17 42 71 47 52 85 113 38 67 40 8 34 53 58 39 117 103 37 29 90 2 94 116 125 110 112 19 64 121 4 25 41 74 46 33 72 99 50 118 79 98 57 65 82 16 12 26 24 7 35 70 6 69 115 104 30 100 81 44 93 92 66 105 88 11 54 97 107 61 3 84 120 10 13 27 18 51 45 60 73 96 124 31 48 77 80 14 28 108 75 95 119 9 62 114 22 1 106 23 

tai125e14
OFV=30460
Best solution:
62 29 21 47 39 17 27 42 102 105 89 77 52 31 9 12 93 120 34 100 76 104 66 96 60 6 7 119 85 1 58 43 108 72 110 74 46 56 55 113 8 78 94 44 2 101 82 53 112 63 67 20 97 90 79 32 26 37 64 121 40 122 111 75 36 123 51 103 28 115 88 41 38 22 106 71 13 65 25 10 68 35 86 11 18 45 81 61 98 114 19 118 107 87 59 117 16 124 30 23 80 15 91 3 109 48 54 50 69 5 92 49 70 24 83 84 57 116 4 125 95 73 14 33 99

OFV=30460
Best solution:
62 29 21 47 39 17 27 42 102 105 89 77 52 31 9 12 93 120 34 100 76 104 66 96 60 6 7 119 85 1 58 43 108 72 110 74 46 56 55 113 8 78 94 44 2 101 82 53 112 63 67 20 97 90 79 32 26 37 64 71 40 122 80 75 36 123 51 103 28 115 88 41 38 22 106 121 13 65 25 10 68 49 86 11 18 45 81 61 98 114 19 118 107 87 59 117 16 124 30 23 111 15 91 3 109 48 54 50 69 5 92 35 70 24 83 84 57 116 4 125 95 73 14 33 99 

tai125e15
OFV=32614
Best solution:
102 62 3 53 11 2 23 16 38 77 105 18 1 101 51 107 103 119 98 106 44 9 40 55 8 80 29 124 72 92 20 14 113 86 110 46 73 22 79 25 70 78 39 111 71 33 100 87 93 69 99 88 115 64 108 104 4 121 6 83 48 63 120 61 47 95 37 26 97 96 85 41 75 82 116 68 32 59 118 67 34 15 19 60 117 31 50 91 52 74 65 42 13 7 112 36 57 122 30 89 58 24 94 45 17 123 21 56 27 35 125 84 66 12 76 90 54 114 81 28 43 5 49 109 10 

tai125e16
OFV=31058
Best solution:
93 100 34 89 24 4 103 75 120 53 10 64 117 17 83 113 5 50 14 76 40 21 66 74 12 9 29 92 8 125 99 38 121 84 90 58 41 54 57 119 114 104 55 112 20 25 39 85 35 33 67 62 109 44 72 11 78 23 56 27 68 79 111 48 122 49 32 70 94 98 73 28 105 43 61 31 45 118 86 115 65 81 123 108 2 52 47 63 22 77 71 59 101 6 96 69 36 3 37 19 102 91 26 82 116 51 106 110 87 1 16 80 97 95 13 46 15 30 7 60 18 107 42 88 124

tai125e17
OFV=35274
Best solution:
105 23 59 106 70 118 125 20 62 4 51 92 6 14 75 110 76 95 39 90 103 55 101 52 104 46 1 60 72 97 85 63 117 7 9 87 67 79 122 17 107 120 27 16 102 89 25 66 123 115 111 5 2 41 21 35 88 83 47 108 15 121 113 37 42 124 49 26 82 78 19 91 114 56 34 31 71 69 96 33 65 24 11 80 30 44 36 10 48 12 58 64 43 18 99 50 8 32 112 119 54 109 38 28 100 77 93 45 81 86 94 40 73 3 29 61 57 22 84 68 74 98 13 53 116 

tai125e18
OFV=36888
Best solution:
108 77 35 22 51 11 59 31 122 45 42 123 110 9 10 91 66 50 124 55 54 116 90 64 68 96 57 114 86 5 102 3 17 71 81 8 30 39 97 113 47 34 25 87 1 120 2 75 20 72 29 80 106 99 74 84 36 100 79 24 65 78 63 58 73 62 52 103 14 43 21 112 53 82 12 125 4 101 27 23 92 26 121 93 107 7 118 44 6 98 37 109 18 105 13 19 95 46 67 49 40 70 83 115 69 85 48 89 32 38 33 76 15 119 111 117 60 41 61 88 28 56 94 104 16

tai125e19
OFV=32966
Best solution:
81 113 8 93 118 45 116 28 12 115 108 17 75 4 84 10 59 105 86 57 112 85 3 74 78 68 69 26 46 122 38 79 44 60 51 109 43 97 16 106 62 125 25 77 90 27 47 89 19 87 102 54 103 101 21 88 55 14 82 15 42 56 83 104 7 94 36 32 111 124 61 107 18 70 119 58 34 1 95 39 5 9 30 64 49 24 11 114 117 121 63 40 73 71 76 23 22 99 31 120 100 65 92 110 91 48 2 20 96 123 41 52 33 37 98 53 67 29 50 6 66 72 80 35 13 

OFV=32966
Best solution:
81 113 8 93 118 45 116 28 12 115 108 17 75 4 84 10 59 105 86 89 112 85 3 74 78 68 69 26 46 122 38 79 44 60 51 109 43 97 16 106 62 125 25 77 90 27 47 57 19 87 102 54 103 101 21 88 55 14 82 15 42 56 83 104 7 94 36 32 111 124 61 107 18 70 119 58 34 1 95 39 5 9 30 64 49 24 11 114 117 121 63 40 73 71 76 23 22 99 31 120 100 65 92 110 91 48 2 20 96 123 41 52 33 37 98 53 67 29 50 6 66 72 80 35 13

tai125e20
OFV=30896
Best solution:
91 13 101 119 33 58 56 111 47 83 123 15 86 42 73 72 108 112 109 114 49 84 78 120 92 74 103 46 59 25 40 82 20 57 17 107 37 38 67 64 99 124 125 6 105 55 31 87 93 98 90 29 79 65 10 2 62 94 30 43 41 102 60 97 100 81 115 54 24 77 52 45 89 88 14 21 63 75 68 7 9 61 80 3 36 69 5 110 70 95 117 4 32 19 113 44 1 48 122 11 18 116 76 26 39 28 12 118 96 121 66 8 53 106 71 51 16 85 34 22 35 104 23 50 27