tai343e01
OFV=141048
Best solution: 
209 185 170 234 206 243 203 227 144 219 235 25 48 133 210 125 124 91 298 336 250 316 89 221 82 334 35 230 122 29 24 320 41 254 304 71 51 119 305 145 131 215 264 198 212 239 108 111 107 113 165 228 339 56 132 225 40 135 205 214 295 202 247 57 156 255 193 224 174 147 112 102 194 278 153 160 286 137 28 163 313 45 257 308 152 159 99 299 123 311 184 342 127 177 50 171 136 300 246 3 211 150 161 325 200 281 258 85 141 46 338 61 104 120 292 130 178 4 118 252 97 274 282 53 236 222 312 301 110 226 47 176 167 149 11 16 158 261 340 253 330 302 77 280 192 75 335 90 289 39 322 93 297 213 95 323 273 180 319 321 251 79 106 64 10 116 238 88 70 92 162 66 21 306 43 33 293 197 115 191 216 154 117 20 190 151 114 78 324 52 291 68 263 207 109 58 155 188 59 331 240 231 272 34 217 343 81 172 129 248 38 27 101 80 84 337 96 134 208 315 168 287 5 164 303 69 309 290 260 1 166 86 49 30 94 270 36 121 186 269 341 169 19 103 195 244 22 267 249 23 128 63 183 67 7 143 105 268 283 332 17 142 328 242 189 241 271 100 233 182 139 44 26 279 204 223 277 187 201 327 326 42 220 60 266 229 245 37 265 98 294 55 314 285 12 32 333 18 329 62 72 9 140 317 87 138 179 288 65 276 74 157 14 146 54 2 8 307 284 175 259 126 76 196 173 6 181 318 83 296 199 13 256 73 275 310 148 232 262 15 218 237 31 

tai343e02
OFV=148584
Best solution: 
332 242 297 323 249 166 264 66 27 79 131 203 163 58 210 24 155 144 114 122 277 255 2 321 238 92 292 162 25 236 254 73 56 342 117 63 325 129 218 116 80 148 14 43 185 261 86 19 219 300 103 18 104 147 331 260 226 216 101 177 269 194 11 265 152 214 302 106 281 138 91 169 263 234 327 341 165 304 246 59 209 100 316 312 195 184 286 168 28 290 96 244 156 20 38 258 309 248 128 130 298 16 67 121 225 159 183 200 4 319 295 52 247 192 170 339 133 228 145 49 1 54 201 315 310 65 154 158 135 50 26 223 224 188 204 227 220 288 311 5 229 237 322 157 279 77 186 284 206 202 139 90 272 146 291 51 314 136 13 330 308 75 44 111 150 124 179 57 262 8 120 211 35 149 118 278 320 82 41 240 180 257 241 340 30 337 187 31 275 143 107 7 32 189 74 113 285 151 271 127 190 289 134 193 164 78 105 205 123 161 213 160 40 282 64 102 243 29 167 12 10 142 9 336 250 70 251 3 6 208 62 109 306 318 22 60 266 84 61 221 125 338 110 307 239 212 37 303 55 182 112 94 47 207 23 175 283 329 222 98 328 274 287 293 171 259 45 174 115 232 197 324 317 15 132 69 76 273 268 119 89 83 88 81 235 140 173 245 34 252 217 313 294 178 215 196 42 141 39 72 305 296 126 21 334 270 343 153 233 230 33 176 85 93 333 17 137 198 172 108 267 199 231 87 48 99 253 68 191 181 280 256 299 276 71 326 97 301 95 335 46 36 53 

tai343e03
OFV=142092
Best solution: 
173 121 288 12 64 209 313 96 151 94 289 102 261 230 204 75 270 8 147 319 118 231 47 285 105 48 273 227 309 219 123 267 195 145 95 58 301 336 299 256 44 156 208 61 223 253 153 83 2 142 255 140 110 172 22 178 225 164 157 77 149 314 323 175 258 275 159 5 324 233 60 248 205 170 271 19 265 242 260 76 54 59 337 109 11 21 239 185 68 246 41 103 3 199 144 161 104 63 197 155 52 237 283 252 312 67 238 226 249 126 211 124 9 72 43 290 38 62 56 24 303 74 322 171 154 220 169 134 148 328 179 35 305 36 294 287 90 17 86 277 88 37 15 50 158 73 232 131 343 117 114 274 276 284 20 264 339 78 51 81 69 28 91 42 327 307 100 23 212 286 184 146 306 101 216 39 115 177 251 326 207 70 331 65 257 160 311 213 57 18 193 297 262 168 228 46 310 240 278 342 300 137 247 308 296 127 187 210 53 259 217 167 116 315 128 119 325 113 224 202 4 332 40 1 341 182 49 295 243 79 138 135 31 13 120 33 186 112 26 196 16 55 244 150 201 334 165 6 92 32 30 122 330 318 166 27 235 176 87 218 98 250 221 234 320 203 272 200 180 34 338 106 188 139 279 317 84 136 7 215 269 236 222 340 163 129 292 66 80 268 183 89 141 335 194 189 45 280 281 10 316 93 29 174 152 229 254 107 333 132 263 133 304 291 282 71 321 82 206 97 108 143 85 25 266 245 125 191 298 99 14 241 111 181 198 302 192 190 329 214 293 130 162 

tai343e04
OFV=152966
Best solution: 
168 265 65 252 54 297 101 223 293 259 132 151 307 1 38 266 16 123 22 292 239 209 69 337 281 308 59 27 270 122 14 342 129 309 108 165 15 43 114 45 78 139 218 118 199 167 320 246 226 269 343 70 316 256 119 83 250 125 224 161 214 215 117 176 230 217 196 37 234 175 314 330 188 26 181 64 186 113 254 159 212 326 94 247 60 68 3 286 30 290 82 295 110 32 86 40 317 49 258 51 6 131 242 154 7 235 105 220 164 228 2 55 289 10 144 274 111 264 211 58 120 81 251 163 202 276 124 329 80 56 147 96 21 160 198 277 62 31 227 115 331 318 201 112 8 177 322 205 225 282 130 57 11 84 192 71 134 180 107 210 184 20 327 334 208 48 156 52 216 18 207 140 332 321 268 74 257 116 203 193 157 341 85 109 328 279 236 245 63 61 150 28 97 155 319 93 95 35 278 233 89 100 200 137 66 219 304 222 243 90 128 240 50 340 178 4 273 17 206 288 171 104 103 136 255 41 166 324 221 248 92 267 174 305 121 272 9 260 138 169 249 325 253 302 145 291 172 33 79 179 310 173 313 287 133 152 261 72 311 232 238 285 29 271 191 158 67 241 46 77 283 19 24 275 87 294 12 237 149 148 106 284 231 141 204 299 323 73 301 303 183 195 197 153 143 194 280 135 338 42 244 76 298 162 88 182 306 75 185 13 213 47 25 170 263 5 187 34 296 142 190 91 102 126 44 36 335 262 39 229 339 336 127 146 333 315 53 99 189 23 98 312 300 

tai343e05
OFV=139114
Best solution: 
14 243 120 197 266 291 315 145 51 52 77 232 79 292 209 261 83 126 11 110 195 49 106 223 104 240 3 31 277 331 185 253 288 168 41 12 299 90 337 48 16 65 194 88 101 220 211 81 71 190 34 290 86 109 78 55 112 326 250 265 15 97 138 200 289 5 10 284 313 20 166 29 58 136 251 174 242 317 56 204 21 148 271 184 309 162 111 214 229 222 294 80 73 188 205 339 72 306 270 154 327 303 152 264 23 255 221 133 332 141 105 237 280 24 44 226 202 283 248 114 123 37 274 206 238 269 193 302 91 180 175 155 191 218 249 208 75 239 247 38 66 118 267 278 276 47 231 305 333 268 160 312 297 262 287 189 173 245 233 334 259 341 25 151 69 107 36 212 4 316 307 295 275 130 258 124 125 40 53 68 140 96 8 256 63 95 225 330 149 33 42 196 122 216 119 103 263 311 61 228 236 328 121 304 144 32 198 18 132 127 286 163 59 35 224 142 342 116 285 187 117 182 27 94 39 19 210 318 244 179 273 129 340 62 300 98 28 137 219 319 260 169 329 298 171 70 57 46 54 108 157 45 134 207 113 279 67 93 2 308 176 252 310 82 115 64 143 22 281 336 325 254 246 161 181 128 89 172 102 131 7 296 293 50 217 282 147 153 17 213 135 301 9 320 156 199 99 139 235 203 6 234 26 13 324 85 164 158 165 338 146 241 74 76 177 201 227 257 1 43 335 100 343 230 167 192 321 314 30 323 87 92 322 215 178 60 272 84 170 159 183 186 150

tai343e06
OFV=139030
Best solution: 
31 129 214 198 96 261 70 155 187 115 130 264 322 6 341 150 151 141 44 38 241 194 73 33 238 299 230 143 5 60 271 116 283 174 235 324 277 161 294 4 206 109 88 10 123 27 248 41 94 148 25 227 330 92 189 242 100 86 77 285 263 219 89 290 170 69 218 47 232 21 158 331 176 333 313 208 237 254 202 244 258 48 26 201 337 35 295 113 66 159 135 265 336 57 120 80 8 327 110 55 36 224 192 162 252 131 157 284 249 268 32 93 316 43 22 195 188 314 37 136 97 16 292 134 203 310 184 175 11 119 101 260 199 321 209 315 153 118 108 98 106 58 63 145 64 40 12 133 311 300 309 56 262 233 339 239 114 269 229 308 185 318 293 167 286 140 177 306 85 122 303 273 99 124 75 279 282 296 23 163 275 132 1 111 172 103 20 207 79 287 30 200 193 82 228 312 267 243 90 50 320 59 95 178 142 278 217 288 222 160 154 240 68 7 46 301 42 168 83 53 223 210 245 251 212 272 117 147 256 329 270 305 173 183 304 226 15 236 332 102 156 231 216 149 51 259 139 250 127 71 179 164 18 74 276 335 14 319 125 67 121 29 215 343 78 171 205 334 138 317 34 3 182 181 166 257 19 328 28 190 84 2 221 165 197 128 186 280 169 246 307 220 65 255 325 323 112 253 76 62 211 45 298 144 234 9 342 326 13 289 274 302 49 191 146 266 91 17 72 24 137 54 107 204 196 52 281 247 105 126 225 87 340 104 213 152 39 180 297 338 61 291 81


tai343e07
OFV=147996
Best solution: 
130 143 232 37 52 167 62 300 106 31 172 20 225 310 255 29 269 342 140 66 150 139 3 275 304 214 73 76 70 173 109 138 215 268 38 230 326 194 293 198 197 240 314 59 303 305 152 113 182 161 211 98 339 207 34 177 335 260 137 110 296 312 33 212 234 125 91 203 178 196 250 9 283 55 218 185 105 135 95 77 21 288 274 219 195 334 157 322 261 245 81 231 249 94 121 92 258 311 287 270 64 155 42 60 96 224 72 159 114 297 341 323 47 162 71 266 292 108 320 222 133 2 12 46 338 204 165 58 61 123 263 273 333 238 68 145 318 99 236 49 116 282 181 265 153 11 149 201 30 112 276 13 48 4 187 15 228 19 191 23 295 26 156 193 291 8 257 262 88 151 281 44 90 128 84 85 36 65 252 202 192 227 271 134 120 213 127 285 183 256 272 102 186 324 51 126 286 190 301 171 253 32 111 35 277 325 317 63 205 104 50 22 184 329 174 216 53 45 16 10 336 93 129 39 180 264 169 101 40 175 118 199 18 27 223 5 220 82 28 163 313 147 330 41 306 87 221 248 331 246 289 164 132 124 328 299 79 117 119 69 144 208 316 160 97 176 83 254 67 315 86 327 343 278 206 321 294 340 244 115 337 146 319 148 188 309 57 226 136 243 284 308 24 235 247 17 7 142 103 6 80 107 200 332 280 209 307 302 239 170 141 14 25 298 290 168 158 179 279 54 267 75 233 217 242 74 43 166 56 78 1 241 131 154 189 251 210 89 100 122 259 229 237 

tai343e08
OFV=130862
Best solution: 
118 298 129 228 45 258 324 295 158 323 80 340 31 170 305 53 314 86 157 302 237 2 239 284 142 303 254 184 193 268 136 173 12 145 48 280 330 179 319 326 138 6 217 306 272 220 67 192 151 255 106 59 253 223 107 160 256 294 52 312 181 19 235 213 266 174 168 56 263 75 70 162 133 167 47 221 132 183 182 300 199 122 146 209 245 285 63 110 96 204 150 189 252 210 196 241 9 18 55 69 171 238 108 77 39 288 322 274 293 214 232 126 176 134 76 74 32 270 275 62 273 128 287 212 195 187 325 166 40 282 244 152 85 225 141 22 87 229 127 327 316 321 135 82 164 169 50 13 25 139 271 215 124 230 339 206 43 101 291 188 318 281 41 218 130 15 58 94 78 79 278 328 95 100 30 92 11 42 175 159 317 102 8 301 89 283 49 236 205 296 307 261 222 90 65 333 84 143 4 61 231 190 226 28 248 216 335 163 3 249 104 161 111 259 149 172 331 36 66 72 33 113 286 1 201 140 109 332 103 315 338 202 29 24 277 38 123 265 251 147 208 203 242 17 93 185 165 71 64 313 224 10 137 260 341 34 26 148 267 116 292 342 198 73 250 243 46 219 5 200 211 227 98 88 337 279 154 191 329 289 299 276 234 144 156 343 153 311 83 336 269 121 264 51 23 155 194 240 310 99 44 27 114 91 117 186 54 20 257 246 68 112 105 309 334 16 35 304 308 81 177 131 37 262 14 207 180 21 197 125 233 297 320 97 290 57 7 247 60 120 178 115 119 

tai343e09
OFV=139960
Best solution:
2 58 232 275 143 198 323 137 173 40 247 292 325 152 215 22 290 84 75 139 83 269 52 15 140 170 167 299 39 65 210 229 228 316 326 51 24 305 311 185 171 337 53 238 14 32 222 230 251 227 45 64 199 36 77 263 310 221 122 289 284 318 321 304 268 245 87 159 184 100 74 101 49 59 295 30 119 280 259 69 19 274 176 157 116 62 267 246 300 179 55 201 309 306 285 35 205 257 41 154 136 320 315 146 165 81 21 175 202 61 328 66 126 264 308 103 79 214 330 73 332 187 177 240 193 192 172 16 340 71 277 132 250 97 8 249 236 158 44 180 219 307 96 283 12 148 303 150 99 38 286 255 135 168 343 33 317 313 54 339 324 48 151 17 28 115 121 212 47 5 234 191 196 23 120 226 43 281 82 195 123 125 107 288 72 224 207 244 9 218 80 253 145 169 270 243 149 93 130 197 131 90 91 111 287 301 34 209 108 188 57 200 183 56 70 342 319 112 67 85 338 10 213 26 60 233 182 113 252 124 110 235 296 18 155 254 272 50 13 239 314 133 118 164 11 3 114 63 203 225 241 6 186 78 76 129 27 262 261 7 211 190 42 271 153 104 248 334 335 217 278 92 89 223 206 216 178 37 142 333 329 94 279 127 105 68 293 291 160 20 109 204 273 312 189 162 46 231 138 102 260 282 128 29 163 258 331 327 242 166 341 98 174 1 294 95 147 134 302 194 298 208 237 144 220 322 161 266 297 265 156 117 4 86 106 336 276 88 31 181 141 25 256 

tai343e10
OFV=146224
Best solution: 
13 301 126 11 53 127 62 297 183 49 39 168 340 117 322 259 217 320 242 75 12 112 210 195 331 287 22 196 270 319 307 254 240 192 236 82 145 285 38 132 102 68 139 330 304 83 338 177 267 124 58 43 335 10 292 55 241 269 146 20 44 281 250 69 76 306 3 98 157 161 182 312 275 310 6 238 171 288 224 266 17 144 34 282 226 232 339 276 150 290 247 296 71 243 21 65 123 41 63 57 79 223 162 159 32 46 188 251 85 262 327 308 29 181 334 342 109 73 316 278 315 37 298 173 86 225 191 15 216 70 92 166 184 246 148 208 74 256 295 209 66 202 100 99 203 105 190 314 143 5 77 174 239 197 59 194 231 227 95 169 179 260 245 128 9 151 97 108 214 137 261 244 103 279 325 50 113 185 317 78 326 28 52 186 129 23 211 4 176 111 119 230 87 56 7 141 193 118 328 136 337 93 213 131 336 265 321 47 121 19 291 8 89 67 163 60 48 271 35 26 84 64 318 154 249 264 25 158 293 311 72 255 222 45 30 323 205 115 170 135 138 54 283 286 248 333 299 218 142 167 116 125 198 204 257 313 220 289 106 343 130 219 104 332 134 90 300 201 2 229 294 200 187 305 133 14 180 27 61 252 273 152 80 156 263 215 149 268 172 302 234 114 284 164 341 277 324 221 42 140 199 178 189 24 94 153 207 274 36 175 107 101 51 233 81 206 147 235 228 160 16 253 91 88 96 309 33 1 212 258 122 329 31 272 165 237 18 280 40 303 120 155 110

tai343e11
OFV=146170
Best solution: 
343 130 200 321 154 46 170 171 76 254 248 332 318 65 135 26 88 124 141 168 214 323 47 81 189 33 58 218 310 329 239 285 104 51 140 270 250 238 113 227 216 232 308 253 142 61 173 5 277 297 163 17 86 66 77 36 330 15 272 282 133 275 331 68 117 27 226 319 145 155 121 178 190 153 288 9 184 286 328 32 194 293 91 79 292 287 338 340 213 294 54 202 252 13 44 196 298 251 206 114 35 307 255 296 325 89 211 175 177 240 21 305 333 22 326 265 290 229 182 30 208 57 212 134 197 247 241 125 301 273 172 303 225 122 80 52 106 160 82 258 233 37 306 84 118 115 257 280 245 327 205 120 317 217 87 267 187 195 70 136 342 107 116 166 14 274 334 176 73 246 75 188 159 138 222 90 186 53 179 165 83 111 45 283 6 311 151 78 259 4 262 291 320 69 231 101 137 97 71 49 131 164 235 62 192 162 268 20 93 95 100 174 180 269 316 204 324 16 92 105 264 39 304 11 284 201 203 221 31 312 249 185 67 335 29 266 103 56 313 28 146 314 148 183 42 191 8 193 243 63 209 48 147 309 336 219 228 24 38 237 2 210 128 230 198 143 12 23 132 123 129 278 281 322 161 181 99 59 295 337 1 98 112 261 242 18 234 10 139 110 339 108 223 25 215 341 34 85 224 144 126 149 7 94 127 3 43 150 263 289 50 299 236 276 96 199 220 72 207 40 41 302 19 156 315 109 152 244 169 60 74 300 167 256 279 55 102 157 271 158 119 64 260

tai343e12
OFV=154620
Best solution: 
160 58 61 250 289 193 194 307 122 187 132 262 48 71 170 197 163 25 105 283 261 301 130 306 265 104 73 186 66 321 168 65 296 113 4 216 92 339 302 155 272 267 335 278 85 204 169 223 304 108 199 22 10 119 2 86 263 43 125 151 40 188 290 309 44 191 72 176 273 9 316 277 256 298 87 336 264 180 211 255 315 239 322 167 343 115 159 97 288 274 52 164 212 236 318 280 268 219 253 18 202 200 237 148 266 165 271 276 325 189 79 91 82 196 330 29 20 293 83 110 24 37 208 284 340 42 260 213 192 84 123 254 5 245 135 190 12 17 74 11 205 313 21 184 246 182 282 140 53 243 215 49 303 7 1 60 124 109 226 55 31 319 229 281 337 218 324 152 210 50 59 47 128 16 258 244 15 150 126 33 112 171 93 203 334 233 332 228 6 134 185 121 251 270 70 45 207 275 342 227 23 99 26 224 129 320 95 34 32 144 161 235 327 13 305 117 63 232 314 38 143 294 225 195 57 41 173 114 247 146 81 106 35 222 30 181 279 68 136 175 101 56 297 62 116 153 77 338 287 240 248 179 28 238 103 292 127 133 139 242 328 19 217 177 257 183 102 323 88 209 107 310 120 329 3 51 131 89 141 36 285 308 172 78 221 8 201 90 69 158 286 295 118 147 249 54 162 64 111 234 75 14 259 331 98 230 27 291 145 252 39 299 206 67 149 80 312 94 154 142 96 231 220 214 341 333 100 317 241 166 46 269 326 76 138 157 198 300 156 311 137 178 174 

tai343e13
OFV=132950
Best solution:
210 62 6 225 42 102 93 212 163 269 119 44 23 67 333 340 127 276 101 182 144 45 200 323 197 51 166 1 235 100 48 214 49 288 325 152 300 57 141 149 322 118 174 264 308 178 237 96 336 195 238 159 65 139 295 261 189 25 83 105 116 179 296 168 319 128 68 226 161 285 190 309 294 87 187 313 55 273 143 126 328 184 17 267 343 108 3 91 305 327 155 34 5 172 250 153 203 290 208 103 162 26 136 63 98 199 94 318 29 270 240 99 36 106 205 114 88 341 78 229 228 167 271 80 130 13 82 122 75 92 265 181 89 289 196 255 77 233 191 20 70 259 204 180 246 186 239 131 241 164 117 307 60 58 9 2 256 43 299 281 292 8 15 31 61 21 287 154 50 95 304 329 243 338 84 216 188 258 201 145 217 157 211 40 297 46 342 142 125 123 314 132 7 53 24 224 298 177 234 156 209 151 301 302 173 110 135 247 275 109 324 317 310 198 192 251 185 73 146 257 104 148 263 335 230 315 124 37 30 38 35 206 277 183 66 41 339 112 19 242 54 33 56 150 52 303 137 147 291 59 111 253 326 279 74 231 321 81 332 170 4 236 160 248 22 158 10 223 39 311 120 232 28 334 171 138 18 115 79 227 12 254 69 72 330 193 134 293 222 90 280 320 207 260 64 86 262 266 140 245 312 282 316 306 129 32 76 244 113 215 283 278 175 337 213 47 284 219 286 71 16 274 85 27 331 220 176 165 11 202 133 107 121 221 218 169 268 194 14 272 249 252 97 


tai343e14
OFV=145300
Best solution:
65 3 126 338 304 230 179 153 217 327 250 244 27 221 293 93 51 58 285 268 333 258 312 156 266 71 163 143 85 216 211 129 275 176 159 1 329 295 328 197 59 122 103 94 106 7 76 202 39 205 273 325 301 342 107 170 252 174 63 318 189 291 18 175 214 45 67 14 253 294 224 208 52 225 90 41 158 185 104 77 12 64 332 272 97 283 264 20 83 262 281 87 204 247 289 166 248 223 335 151 55 31 334 57 49 47 110 53 8 33 130 4 82 113 257 30 199 292 321 125 180 162 72 115 210 138 109 231 11 341 200 178 111 147 235 26 16 119 36 116 140 135 299 40 269 213 282 228 81 296 169 108 337 134 184 96 133 265 17 43 315 68 254 310 23 144 22 56 46 303 146 186 161 5 44 100 324 165 66 80 6 124 220 13 238 160 145 128 139 92 50 261 287 343 229 241 61 195 155 2 73 300 298 243 131 198 150 259 242 218 183 19 336 330 278 48 340 196 215 256 137 239 232 74 21 173 117 313 305 157 277 236 112 251 123 280 9 270 10 114 37 118 309 164 95 192 142 181 219 331 75 317 316 171 207 323 237 29 314 89 274 132 263 187 102 120 245 154 284 34 322 222 148 172 271 276 209 193 246 32 267 201 88 60 99 260 79 286 101 105 84 152 38 15 25 167 306 78 297 302 136 194 339 226 24 288 190 311 290 42 54 98 69 86 227 206 203 212 279 234 121 255 233 319 168 308 326 182 177 307 141 35 28 320 249 188 62 240 149 127 191 70 91

tai343e15
OFV=150284
Best solution:
93 288 338 146 315 218 243 316 252 27 20 191 87 197 154 207 274 244 118 94 233 259 255 275 225 289 330 18 76 54 160 263 195 264 89 240 287 163 296 212 305 5 323 53 14 102 266 9 187 74 273 24 1 157 155 326 21 16 6 229 77 149 159 222 200 17 182 309 319 206 117 35 310 237 101 40 317 71 124 279 228 49 161 216 219 232 239 208 272 90 56 175 106 105 120 217 42 333 308 136 68 314 109 38 72 111 88 11 79 193 251 66 334 83 47 227 7 294 262 138 2 247 320 61 210 151 261 110 224 57 123 121 202 236 143 37 58 30 134 325 41 165 22 267 34 242 265 340 67 169 238 15 234 131 254 80 223 199 63 306 246 318 36 241 271 343 183 290 73 285 137 32 331 341 25 270 189 188 250 44 12 85 298 116 211 62 209 84 50 258 295 278 178 75 214 29 52 328 127 297 115 8 283 28 300 281 201 99 39 119 95 204 286 170 128 65 98 173 97 150 46 194 292 82 196 168 158 147 3 55 177 303 284 205 13 48 43 130 280 172 133 339 179 148 248 51 132 142 10 129 140 60 335 235 162 291 198 33 144 100 126 91 230 176 31 203 103 307 125 104 19 226 276 181 268 253 184 299 112 321 167 156 190 192 152 257 164 23 322 221 135 145 107 81 282 256 277 122 324 245 293 260 78 337 96 329 332 231 92 174 220 70 166 213 301 141 302 249 45 180 327 139 269 113 186 69 153 64 108 171 215 304 185 313 114 342 312 4 336 311 59 86 26

tai343e16
OFV=148094
Best solution:
95 184 205 97 4 35 172 196 198 213 318 316 149 153 26 229 25 45 101 275 218 64 85 38 41 173 5 286 314 327 102 267 43 16 294 174 265 175 277 186 156 212 262 177 1 151 7 165 42 33 58 80 136 324 256 75 133 220 191 330 254 163 168 37 315 78 84 335 113 189 259 104 210 276 342 52 322 27 119 83 209 307 3 164 160 72 308 217 338 313 239 8 309 71 88 73 18 137 244 55 94 15 106 123 112 278 66 299 237 69 182 30 143 291 306 161 90 142 147 125 36 234 269 79 140 207 169 54 317 297 343 9 252 13 285 228 11 77 204 190 183 20 312 127 34 292 303 67 111 238 260 233 28 232 248 96 134 216 211 226 176 296 22 257 221 321 6 235 230 270 47 145 287 208 57 185 144 305 319 93 65 162 129 44 14 250 128 155 150 70 331 135 21 336 124 40 328 32 337 219 194 279 225 300 332 148 108 240 170 236 120 251 222 157 19 323 74 268 178 227 17 247 117 152 63 2 253 86 179 158 166 333 242 49 114 76 274 92 284 310 29 89 115 24 130 99 320 201 231 258 200 171 10 131 283 224 202 295 187 215 223 255 266 290 48 199 116 280 241 46 214 181 193 81 121 261 50 192 51 243 126 122 273 329 302 12 246 56 39 100 188 59 197 98 87 154 23 31 340 271 281 110 263 304 289 180 339 195 167 288 132 82 107 146 272 203 105 138 109 118 61 68 264 103 334 141 249 159 301 298 53 91 60 139 293 341 325 206 311 245 282 62 326


tai343e17
OFV=131016
Best solution:
217 255 78 297 102 32 300 234 341 326 203 339 114 49 36 54 193 209 207 153 72 211 57 226 229 60 237 21 45 46 103 232 201 4 171 82 318 121 194 316 338 322 112 98 31 178 332 52 281 88 331 41 311 166 199 18 296 7 256 91 167 304 210 295 92 200 257 38 35 309 70 170 259 291 224 37 238 90 101 169 56 134 30 221 305 128 334 129 177 306 195 105 127 185 298 213 65 157 302 1 76 265 146 250 99 159 254 150 63 301 29 315 17 107 24 116 241 110 77 111 310 186 66 273 40 154 243 131 39 275 206 197 84 155 314 151 294 264 50 278 25 168 269 55 94 20 165 307 242 292 22 263 319 97 95 71 289 109 247 340 231 162 266 329 246 62 143 204 227 12 87 218 261 158 142 108 138 152 113 42 104 253 51 69 343 337 228 89 137 189 19 123 68 67 328 272 285 283 133 135 8 64 145 85 276 13 191 190 148 230 174 312 156 164 248 132 125 118 126 172 320 147 208 244 192 79 120 239 251 260 215 27 53 122 141 184 136 287 249 233 9 252 327 117 173 73 323 179 139 279 313 2 290 58 240 28 342 317 267 270 86 277 48 293 324 198 80 187 280 223 336 335 214 26 130 10 333 149 6 308 15 144 219 115 140 124 330 93 182 282 176 5 160 163 183 222 47 262 75 196 321 14 236 325 274 81 96 288 235 23 216 245 3 205 175 11 271 83 74 16 220 100 303 188 161 212 225 268 43 181 180 33 202 284 106 119 299 44 34 61 286 59 258 


tai343e18
OFV=130232
Best solution:
30 252 88 71 327 34 283 303 314 276 160 259 110 330 194 79 312 214 200 102 93 202 251 95 124 222 49 15 288 297 226 107 137 20 242 237 87 166 40 298 328 265 282 177 246 206 205 122 176 64 6 112 215 108 41 180 291 227 105 56 51 341 17 247 148 9 68 289 50 308 33 179 90 168 191 83 233 125 309 290 7 337 217 100 234 271 52 307 294 329 244 317 19 183 269 325 323 114 142 270 281 171 258 310 45 334 273 2 173 221 300 133 340 315 8 103 210 305 42 63 74 119 172 197 159 128 169 275 25 236 72 335 73 306 241 287 91 13 36 138 130 264 267 195 219 69 58 316 99 342 331 301 304 190 343 101 293 239 116 213 31 80 156 204 257 29 115 113 164 94 136 192 254 152 109 55 225 175 336 218 224 77 338 132 302 126 143 320 1 24 278 245 268 203 167 111 324 12 35 54 67 23 238 3 263 296 144 223 318 277 97 47 332 174 10 146 285 182 62 5 319 96 208 4 198 104 261 279 149 299 82 27 131 216 106 321 248 201 78 187 84 189 57 18 123 339 185 207 37 28 163 333 135 165 286 211 162 157 89 60 75 161 295 86 280 70 127 140 235 59 260 76 230 44 154 266 243 188 322 39 151 120 178 274 272 181 129 139 14 66 199 212 229 85 121 81 141 11 26 150 326 155 196 98 43 118 145 209 256 184 117 255 92 61 228 48 21 231 170 22 249 253 262 311 284 65 147 232 38 193 32 250 313 240 46 292 220 134 153 186 16 53 158 


tai343e19
OFV=145838
Best solution:
309 109 37 308 279 258 282 168 192 52 75 15 138 237 285 22 91 229 329 107 283 72 134 88 315 95 240 98 121 271 64 184 312 25 212 177 53 317 174 158 268 66 255 40 124 83 108 228 54 46 61 77 225 65 156 262 256 310 6 175 104 79 287 71 166 165 337 58 298 100 144 306 254 3 11 217 320 214 57 230 48 26 155 172 145 323 170 224 196 327 167 333 276 13 236 246 210 190 186 81 227 257 140 110 200 150 32 213 197 163 232 143 321 106 82 126 23 160 18 105 183 292 173 332 21 324 231 56 222 132 43 275 49 223 250 123 187 154 5 342 305 51 272 9 188 60 50 90 209 245 288 47 248 178 301 235 115 266 10 20 304 331 270 137 33 44 4 181 242 307 31 176 241 35 45 205 278 180 274 341 299 179 59 39 125 116 29 16 84 284 161 263 152 86 97 122 286 280 74 251 182 42 129 338 41 189 194 259 30 239 63 199 215 234 147 208 113 206 311 294 151 293 297 290 87 319 136 322 17 289 68 102 185 295 112 92 277 99 233 340 153 93 96 130 211 36 249 78 221 202 8 142 12 244 216 141 296 103 243 148 1 335 343 247 302 265 85 70 226 169 316 336 135 328 119 131 73 267 94 195 34 303 7 149 111 76 67 101 314 326 2 14 207 80 264 300 159 19 260 133 220 330 201 139 127 219 27 157 253 69 55 120 269 273 118 339 114 117 38 334 261 162 193 291 89 198 146 204 128 238 218 313 252 171 28 325 62 24 191 164 318 281 203 


tai343e20
OFV=144380
Best solution:
289 185 93 42 223 45 71 272 243 234 325 253 66 120 55 177 126 34 69 143 334 309 194 254 163 123 67 221 107 10 129 138 247 101 33 333 277 176 275 298 22 147 116 228 106 339 212 150 121 81 35 201 32 321 238 203 124 92 184 219 216 99 211 58 195 207 252 241 112 76 174 94 18 49 320 2 196 50 245 308 233 332 209 294 264 299 337 286 224 122 182 60 96 302 279 300 284 261 157 115 114 52 323 169 317 246 77 335 145 292 119 88 56 190 249 328 14 83 283 170 70 268 134 148 90 159 314 20 110 226 191 161 188 102 53 227 307 91 128 248 175 214 270 111 146 199 74 276 39 28 44 104 95 273 43 165 132 48 136 265 105 29 200 142 267 193 310 331 97 232 85 61 343 118 17 305 225 192 244 137 38 202 1 149 236 255 65 152 173 205 144 168 318 68 108 151 342 139 9 312 162 240 297 330 62 341 89 281 178 290 72 222 215 27 117 59 6 167 135 73 141 239 86 4 293 259 218 64 187 198 21 278 31 156 296 250 100 160 210 324 266 155 46 54 319 84 11 329 230 140 180 262 183 40 172 7 340 15 79 285 220 109 23 229 303 326 47 186 158 87 237 213 204 3 75 311 63 13 242 257 288 130 164 113 26 103 260 235 80 280 258 306 301 98 127 24 206 25 316 313 282 30 181 208 154 315 133 274 287 8 269 41 179 336 51 231 36 304 12 271 16 217 189 153 171 131 322 291 327 251 197 19 82 78 125 166 263 338 37 57 295 256 5 




