tai729e01
OFV=416260
Best solution: 
298 210 465 13 221 44 371 582 293 159 233 495 412 29 675 539 92 624 541 638 304 595 436 84 491 479 463 161 101 451 646 723 117 502 485 294 361 488 111 95 265 380 702 32 268 400 315 369 132 318 556 299 94 14 227 296 52 177 15 483 402 243 266 335 257 197 568 728 37 255 669 112 85 530 21 627 90 242 565 571 312 116 140 25 619 332 407 347 307 382 614 549 489 712 254 61 374 560 231 520 427 31 679 442 30 108 481 508 416 288 686 236 10 693 610 280 338 43 119 698 440 103 680 722 246 234 121 589 163 328 214 664 40 652 580 279 434 104 655 192 168 18 88 8 162 64 139 526 309 157 633 667 148 618 47 278 346 283 145 411 544 602 126 715 545 66 222 363 71 473 301 102 143 67 612 218 160 718 558 96 324 629 460 327 290 284 320 46 229 456 250 7 711 455 228 567 700 5 306 457 334 62 642 81 601 620 53 185 613 343 563 528 498 437 86 616 430 153 105 17 537 654 220 391 525 187 692 670 499 704 409 171 253 439 146 661 39 632 671 198 191 74 287 141 41 452 256 450 216 4 226 155 73 719 611 453 285 668 364 368 75 349 357 26 340 681 447 635 406 577 289 354 417 28 425 428 173 656 333 59 211 665 240 454 182 170 156 553 385 585 107 125 203 342 497 475 721 270 459 398 384 38 486 588 144 113 622 326 303 286 27 150 49 507 87 683 615 325 337 432 142 128 267 365 321 645 305 506 45 36 217 127 110 376 688 551 213 639 584 367 578 467 273 466 89 518 230 575 106 251 56 478 344 82 672 147 169 272 424 137 445 500 538 235 443 729 215 533 593 695 458 375 259 583 386 547 48 423 109 277 297 552 470 690 540 501 6 80 626 581 207 634 158 135 599 115 83 701 696 399 149 360 181 727 472 392 63 636 353 421 331 22 394 271 482 329 576 708 687 418 91 114 623 193 206 151 524 118 232 167 630 644 685 474 509 647 433 405 569 12 100 535 648 597 487 389 464 341 244 57 72 33 373 358 99 183 314 517 703 605 694 249 362 510 120 9 269 194 426 469 154 393 319 35 378 351 219 689 98 291 561 172 471 241 420 724 201 322 422 175 339 484 699 513 697 573 19 196 643 79 308 607 60 709 462 660 415 659 238 532 68 190 264 666 69 496 180 248 546 490 396 152 129 200 352 302 397 403 188 713 705 93 720 313 130 377 176 594 258 651 78 281 195 726 404 387 419 179 199 164 673 276 186 519 381 24 348 559 603 564 224 275 11 461 317 1 247 621 608 58 631 674 514 356 323 587 134 566 598 512 531 295 706 596 523 390 311 55 557 493 529 370 503 628 554 274 212 42 189 414 640 707 131 677 133 50 572 515 16 310 604 684 516 590 34 600 2 3 477 579 650 262 245 586 663 476 542 504 77 511 448 316 725 536 441 252 174 184 649 435 124 494 592 292 379 97 676 570 662 431 350 444 617 260 166 65 205 136 468 717 522 446 625 372 223 261 263 408 480 202 429 505 449 178 714 657 20 653 550 438 355 330 543 395 609 678 682 401 637 413 388 366 527 237 70 410 54 548 691 716 336 165 383 359 204 209 123 658 122 521 138 606 239 345 534 76 492 710 591 282 300 641 574 562 555 225 208 51 23

tai729e02
OFV=422570
Best solution: 
462 415 583 395 119 155 474 548 171 138 205 596 8 541 579 465 52 612 372 62 148 677 573 343 278 604 509 440 547 259 299 456 697 570 557 217 450 49 464 207 660 91 318 54 722 436 567 21 274 224 613 238 82 611 216 114 200 631 331 190 306 461 527 635 446 367 61 366 674 243 694 29 431 376 362 36 65 673 41 353 563 413 521 125 582 574 12 441 257 580 305 427 28 163 297 309 539 625 476 16 300 320 206 506 145 680 197 537 498 180 59 411 510 214 729 48 492 566 714 458 123 371 34 38 615 316 589 210 341 603 528 512 332 304 289 404 449 152 575 684 66 196 507 156 276 514 89 602 664 479 71 696 711 253 486 472 380 185 77 314 698 632 555 269 640 361 108 496 169 99 553 422 178 559 425 6 355 50 459 81 442 14 420 324 499 175 1 671 678 377 211 97 703 244 365 447 166 270 585 653 535 347 608 561 691 600 710 410 554 229 364 655 681 647 699 662 505 168 329 294 477 67 173 250 700 124 120 288 202 398 208 389 639 610 633 141 382 517 340 239 265 675 727 665 508 630 423 667 624 409 322 679 293 617 135 400 346 245 663 84 601 146 13 159 645 30 654 593 513 452 134 419 394 78 391 93 98 718 643 73 63 518 522 414 230 201 280 708 649 381 726 418 426 363 715 255 397 503 658 489 5 272 519 133 542 614 193 69 652 719 203 531 342 345 176 37 432 516 104 592 357 686 143 455 433 402 23 488 183 444 47 399 79 310 688 493 118 142 502 194 606 336 682 179 302 283 95 268 157 22 429 295 326 3 689 242 233 500 32 668 386 315 26 515 577 435 595 448 232 107 248 702 158 597 45 690 605 24 375 480 687 378 275 576 222 396 637 147 481 154 17 424 475 636 385 383 511 281 235 234 131 628 370 18 669 198 161 549 453 273 261 140 720 10 591 707 594 44 53 558 495 621 15 121 94 184 460 182 236 129 296 85 468 438 70 401 451 540 68 262 659 267 291 676 622 189 403 130 564 494 685 360 350 317 619 351 406 607 241 571 57 627 204 586 90 312 504 463 572 96 60 334 390 374 706 387 417 439 723 76 473 109 43 218 556 136 490 339 251 478 651 88 40 277 538 285 373 430 717 20 560 485 523 258 292 249 609 392 405 333 598 287 74 323 80 187 172 254 626 303 110 162 7 11 111 117 467 39 348 227 228 562 661 100 434 192 223 2 307 112 501 327 177 552 103 657 160 35 199 466 532 321 408 529 149 588 105 46 116 368 128 226 543 692 616 215 344 209 721 544 469 33 186 58 220 115 484 330 256 666 641 551 705 638 56 27 393 290 237 337 246 286 358 526 349 648 252 335 106 282 670 416 165 266 709 264 471 137 64 174 716 219 545 546 354 319 620 359 271 151 9 683 225 150 213 713 445 569 181 724 212 590 618 298 240 31 457 525 87 534 578 584 144 101 497 650 188 325 153 550 587 25 491 428 170 470 568 195 221 86 421 167 530 72 127 311 581 113 122 695 83 623 642 19 533 728 301 231 725 338 4 279 55 369 437 260 712 328 672 379 384 132 164 646 356 126 443 139 483 308 599 704 487 263 51 42 629 388 191 247 656 412 92 454 482 102 693 524 313 520 284 75 701 407 536 565 352 644 634 


tai729e03
OFV=405004
Best solution: 
483 603 657 372 678 651 702 448 691 491 473 329 362 494 510 42 222 640 332 367 21 550 531 78 276 406 91 623 319 172 454 232 90 213 98 16 331 225 111 27 67 171 322 440 685 446 504 564 169 215 152 658 543 570 13 238 402 18 622 223 638 663 394 176 589 525 47 383 523 92 356 529 101 236 435 642 7 524 652 409 707 248 594 193 84 674 538 64 597 610 571 677 598 157 151 539 388 508 136 261 628 672 203 549 602 103 433 187 596 244 565 587 52 74 693 106 165 405 81 574 582 256 561 156 470 528 36 302 634 655 425 420 393 389 189 555 568 335 342 177 592 44 490 465 625 315 627 472 366 572 407 404 613 352 497 560 724 541 79 102 200 338 712 375 15 701 552 12 676 326 519 285 351 671 725 219 104 482 607 412 105 307 185 262 462 659 277 697 558 110 397 282 340 679 292 112 384 474 644 333 257 476 379 178 624 450 65 147 86 33 241 656 434 444 418 380 391 584 72 376 82 142 96 304 125 443 133 173 280 108 449 312 278 39 683 99 283 260 619 378 636 346 303 153 681 650 62 360 530 488 426 522 511 711 608 327 588 22 309 45 249 20 453 247 24 559 339 501 666 477 100 168 109 129 495 254 296 512 337 718 618 430 427 601 230 417 311 63 242 554 246 195 298 466 330 228 542 118 423 562 51 431 80 471 553 667 135 29 715 30 719 422 263 419 503 696 647 150 114 364 148 632 445 66 468 191 705 184 660 161 218 266 216 233 507 614 577 273 313 271 536 349 631 57 60 533 401 93 243 231 699 447 580 336 629 708 370 325 585 306 235 166 274 208 239 87 61 486 544 347 251 357 119 284 429 463 180 97 451 461 604 199 630 576 432 258 295 369 437 687 155 583 121 328 205 253 183 557 221 141 48 489 70 197 694 374 175 259 547 498 646 181 265 573 617 314 345 535 502 19 163 305 400 456 120 116 299 73 170 460 11 475 3 563 255 517 688 590 695 673 403 464 566 720 353 128 654 537 459 373 626 113 201 499 321 593 279 411 226 575 689 709 291 49 382 496 164 458 721 220 58 317 612 635 289 509 669 38 217 32 240 25 237 398 649 643 174 202 506 348 455 192 68 605 23 415 272 268 365 569 234 716 344 526 40 56 94 586 190 324 540 204 126 381 579 308 301 392 145 717 424 377 514 4 637 55 162 615 600 10 595 436 363 54 318 616 438 690 214 387 132 698 43 207 294 442 682 680 275 500 668 648 467 115 88 323 487 513 703 469 140 408 493 293 520 395 290 227 37 485 684 639 316 196 160 341 252 385 439 107 14 368 286 287 167 209 17 729 421 532 75 179 297 288 516 518 28 416 546 144 722 117 599 250 76 124 545 621 664 89 410 143 609 130 390 127 551 413 6 527 85 149 515 1 194 704 665 355 59 714 359 334 310 492 146 670 139 692 245 505 700 188 723 267 727 726 653 428 480 210 69 479 53 159 34 212 154 728 633 224 95 71 358 9 41 5 620 452 264 606 2 343 186 521 567 122 713 182 662 710 386 548 457 478 35 211 484 26 300 123 134 269 83 138 641 578 350 534 686 198 361 158 270 414 706 8 137 481 371 441 354 396 206 591 281 675 320 556 611 645 31 229 399 77 46 581 131 661 50

tai729e04
OFV=412910
Best solution: 
703 100 13 218 56 482 449 91 711 291 327 564 691 9 380 374 197 52 282 597 94 214 119 225 298 595 24 502 48 687 401 563 366 542 700 626 402 50 603 246 705 499 696 541 425 509 382 312 553 712 421 385 543 427 2 71 163 616 183 122 656 101 308 345 200 250 485 234 508 397 264 476 113 419 58 649 168 302 136 474 526 316 628 472 112 337 510 559 233 287 695 709 446 592 637 184 68 169 191 325 537 614 719 63 274 66 46 535 718 286 388 679 150 525 268 728 722 103 61 662 493 33 477 591 677 655 600 226 216 462 210 697 270 83 22 315 344 120 49 144 405 551 672 55 682 590 549 82 12 155 546 109 11 661 236 178 504 188 44 182 295 124 25 89 625 20 64 430 221 653 456 102 412 260 512 320 686 269 17 290 707 208 262 129 444 95 694 450 466 148 279 104 533 57 278 652 343 463 171 527 454 494 60 587 242 123 486 529 638 153 601 602 330 515 548 59 277 227 706 470 599 334 127 146 417 582 669 257 721 152 575 375 358 583 271 624 167 565 166 501 364 586 130 324 118 524 212 424 557 174 90 340 693 84 196 78 581 521 495 110 579 435 346 646 35 211 574 439 562 683 622 289 185 650 453 612 390 566 297 607 117 336 605 116 629 643 149 235 28 328 139 87 673 620 665 247 552 249 422 604 664 544 426 135 273 371 258 630 310 420 505 272 326 689 223 70 623 281 370 639 368 660 410 490 554 162 568 517 36 708 143 309 710 205 594 545 465 10 690 304 491 323 723 716 73 724 585 663 507 255 65 363 176 7 699 229 634 23 451 520 172 31 570 195 99 443 105 142 338 350 14 224 396 389 215 76 471 726 640 518 47 29 349 408 293 658 701 704 21 329 106 147 538 37 561 714 680 92 192 438 369 391 536 392 608 333 532 280 378 448 506 685 138 276 231 206 460 331 252 468 207 666 481 173 606 670 18 4 431 383 203 137 432 81 636 98 496 51 228 445 715 141 400 647 165 423 452 467 175 478 356 674 484 80 245 500 487 114 263 354 729 131 319 654 577 204 584 301 154 16 42 418 159 187 671 198 645 406 341 342 111 318 335 459 145 294 251 698 53 531 434 93 555 644 6 415 598 97 540 519 479 303 158 458 62 288 461 411 514 160 627 414 473 232 157 5 681 194 361 96 621 351 300 678 161 8 631 522 38 360 128 108 77 373 296 32 367 222 266 132 85 632 115 39 230 285 516 611 492 667 253 381 134 398 436 199 550 86 659 313 547 261 307 69 394 372 88 539 15 558 379 578 413 239 489 619 217 305 567 306 190 727 556 692 668 156 416 635 43 177 433 395 126 688 67 651 580 220 560 393 265 569 618 365 241 684 593 447 347 238 26 317 573 259 267 457 610 45 34 648 151 180 480 339 362 442 725 702 27 275 613 428 676 54 193 523 213 353 633 179 609 437 530 511 717 3 498 240 311 30 377 299 1 75 589 321 513 399 357 617 588 74 352 164 243 469 314 201 387 348 409 41 386 503 441 256 202 576 254 292 675 464 455 359 483 355 186 209 497 407 283 657 125 403 642 488 440 720 641 219 189 107 40 376 237 384 72 596 79 534 713 170 322 284 133 475 572 248 615 181 404 571 19 429 121 244 332 140 528 


tai729e05
OFV=418018
Best solution: 
95 226 714 138 404 181 89 302 621 280 727 46 135 572 299 61 720 179 149 569 110 716 99 381 479 510 584 352 575 258 314 74 97 591 144 557 618 476 282 26 506 201 592 492 29 81 645 440 513 349 511 38 117 385 418 521 590 544 140 663 502 249 445 279 414 253 660 174 177 682 625 147 172 602 687 197 195 501 528 375 468 578 246 444 43 386 125 582 507 320 505 121 32 380 449 460 483 207 350 675 62 707 692 424 203 2 239 489 649 697 644 271 623 677 490 461 276 28 186 494 52 309 379 384 613 437 187 413 16 166 50 295 157 426 139 512 670 446 724 88 229 356 715 163 654 504 628 604 443 477 408 552 535 297 562 217 236 59 581 283 456 130 655 259 293 127 261 4 292 25 447 589 358 363 361 278 484 171 7 44 94 202 474 669 671 69 342 540 91 71 580 561 333 637 459 533 355 498 232 60 34 718 487 564 142 642 573 499 266 233 75 537 153 9 567 439 711 530 387 255 275 452 27 57 377 150 237 583 188 17 49 1 401 719 241 184 705 55 8 124 366 344 576 31 155 541 291 317 213 224 274 438 15 298 214 326 5 622 315 288 668 337 463 427 678 523 595 403 289 481 37 710 656 713 304 228 722 68 611 599 586 45 311 30 165 221 316 431 694 338 129 222 104 453 351 322 321 362 133 421 519 18 563 242 470 365 223 196 503 629 518 137 36 415 19 372 112 551 205 367 339 360 114 281 574 497 520 712 243 285 666 411 100 206 182 390 416 336 216 191 709 658 319 136 370 64 111 263 643 105 699 93 624 218 465 173 661 70 359 230 56 659 76 54 641 235 192 33 434 180 252 704 357 485 577 368 327 467 560 428 373 636 548 193 346 10 332 58 63 269 106 80 558 469 67 703 392 473 331 594 696 673 721 478 726 198 211 286 107 287 324 376 313 167 579 122 86 729 12 318 126 509 35 458 547 51 267 679 693 178 701 588 441 132 40 454 87 664 700 24 3 234 435 118 652 486 615 244 247 92 690 264 340 634 389 262 151 405 400 672 170 570 550 190 208 482 116 78 328 265 14 488 146 597 632 603 383 638 455 553 676 516 601 667 108 596 587 433 212 571 176 650 204 395 457 73 199 325 200 65 277 85 407 432 568 620 393 653 665 347 475 48 717 651 158 169 284 109 605 555 397 245 248 598 534 301 728 354 538 646 472 220 536 681 451 41 145 633 647 725 231 630 686 369 600 374 98 391 531 639 706 480 382 549 215 493 13 371 610 323 608 616 685 185 134 183 425 609 296 526 612 545 343 162 168 527 442 631 556 256 152 141 606 691 508 399 410 683 113 115 614 79 189 123 406 128 148 294 42 525 674 539 227 260 290 22 491 514 412 429 83 353 102 680 11 131 209 53 436 273 250 210 341 143 593 303 225 219 689 66 423 640 334 695 310 662 708 684 23 388 396 409 103 272 529 635 307 119 21 270 394 77 156 306 617 160 702 20 419 566 101 543 164 495 496 84 330 524 120 607 698 450 515 159 546 90 378 238 430 559 194 585 251 471 542 517 522 47 420 312 422 688 627 345 500 154 96 348 626 329 254 82 464 657 268 448 308 161 175 398 532 72 648 619 417 300 305 466 723 462 402 554 6 364 565 335 240 39 257 

tai729e06
OFV=416258
Best solution: 
444 224 613 511 67 337 139 572 317 482 678 280 616 277 537 411 407 728 517 690 551 376 526 123 4 276 598 403 251 651 556 246 242 194 446 99 530 623 47 228 359 473 498 190 95 722 30 557 644 673 382 64 37 330 555 465 85 549 553 261 103 597 238 425 179 294 504 188 503 433 71 131 164 400 665 581 712 516 599 383 147 721 340 235 193 55 377 675 354 713 667 5 474 547 460 76 203 591 268 704 381 342 536 497 12 413 724 519 445 44 130 434 208 141 539 344 707 167 108 697 166 672 42 283 392 350 114 395 234 631 432 694 128 56 362 729 177 279 531 127 373 663 106 475 230 586 554 322 451 508 629 634 472 487 227 507 632 186 133 358 643 247 421 523 339 94 84 696 360 633 191 561 357 118 331 226 125 399 175 440 197 402 692 463 46 220 384 170 674 176 24 574 18 481 223 15 146 215 305 89 579 583 719 522 104 368 645 333 459 439 113 546 628 681 458 454 478 195 699 79 82 57 587 607 90 352 412 278 538 144 75 371 469 484 265 540 580 154 201 424 415 211 389 378 83 447 457 9 178 408 134 726 600 462 658 527 311 505 212 397 117 255 96 347 606 260 349 636 19 43 149 248 370 596 589 562 22 77 363 388 375 490 477 605 429 702 655 577 564 406 157 205 436 155 10 21 97 285 455 225 493 267 171 443 387 162 306 438 328 495 578 558 80 213 590 51 422 573 332 456 404 602 81 642 74 520 300 656 528 39 353 529 310 650 91 405 486 671 275 541 132 461 601 385 542 231 192 703 361 184 398 217 509 559 499 111 136 214 452 515 450 695 488 1 512 619 426 281 202 204 718 468 701 576 588 374 566 543 448 36 548 491 13 241 63 653 563 442 467 393 336 140 314 453 271 466 513 419 394 379 100 705 571 710 668 709 254 620 284 356 180 316 210 417 292 78 386 41 11 273 351 87 524 416 534 691 207 308 500 29 489 68 727 59 714 160 236 593 617 700 391 120 666 259 105 200 153 614 88 274 6 560 427 302 610 369 659 266 341 45 622 138 325 198 288 115 93 295 715 107 28 698 60 101 48 98 121 414 163 501 240 648 609 677 603 321 615 237 409 290 32 169 112 552 521 181 535 711 685 612 312 584 287 423 49 126 646 401 196 514 687 16 723 86 320 209 137 638 652 506 608 70 286 129 570 669 380 323 250 329 34 61 298 252 27 365 135 595 142 307 218 303 479 693 7 159 3 428 256 627 148 244 152 183 158 270 2 245 156 326 716 621 272 229 680 174 206 173 26 367 435 683 592 372 327 717 618 54 151 441 249 243 480 319 492 109 544 518 222 23 449 182 14 301 62 725 66 567 53 682 35 189 313 525 626 532 611 569 635 258 69 315 660 565 25 684 338 345 263 575 640 420 637 31 688 502 239 630 568 366 119 720 269 232 604 172 689 483 496 510 641 72 686 92 304 647 334 161 657 654 471 296 676 670 437 664 219 346 661 364 17 550 168 262 33 264 533 594 8 257 430 318 65 50 116 410 289 40 625 150 73 494 396 20 464 431 216 52 390 624 418 299 582 485 199 102 639 110 708 324 165 187 470 58 124 233 309 253 282 185 122 343 291 348 143 145 297 38 662 221 476 679 585 649 293 335 355 545 706   


tai729e07
OFV=410546
Best solution:
439 624 57 359 418 46 700 155 701 378 571 529 130 277 17 399 270 402 522 373 540 32 679 683 97 725 319 692 498 318 358 248 311 347 119 530 448 145 470 4 70 22 114 234 427 420 129 403 727 232 521 333 651 437 610 24 157 88 183 536 588 71 253 265 267 623 726 291 494 19 589 136 224 398 366 558 516 63 315 169 435 125 606 180 127 639 644 186 307 458 563 86 295 553 205 217 207 116 392 274 674 133 68 641 416 539 621 419 653 491 247 393 280 268 565 409 362 442 443 612 252 174 191 330 246 609 582 310 625 461 601 671 154 604 444 309 299 445 707 616 447 569 172 519 25 159 557 113 619 703 482 657 452 111 303 28 178 523 615 102 634 3 405 524 379 100 121 572 185 555 167 550 189 706 228 212 156 592 184 364 566 39 556 160 168 152 64 161 215 92 633 417 640 646 221 593 384 722 667 599 689 713 343 112 31 581 352 241 714 20 468 137 660 432 281 676 208 214 532 321 166 365 336 696 239 595 662 473 617 374 15 297 508 559 472 669 108 490 483 383 658 149 675 547 627 584 717 316 721 344 451 605 351 263 83 649 485 91 410 453 354 218 462 488 255 643 525 164 213 193 9 276 41 534 631 141 329 449 698 12 76 591 14 422 105 341 590 230 192 66 684 306 158 233 210 269 52 308 552 614 702 361 2 220 650 117 203 724 170 95 688 34 587 6 342 47 131 82 480 434 585 128 484 55 602 711 386 84 18 628 440 273 515 173 219 175 35 636 622 573 372 576 324 37 49 50 296 30 475 499 655 56 327 10 199 430 414 728 456 549 285 694 202 283 290 481 408 357 426 126 454 446 44 197 312 289 580 421 466 187 686 103 531 298 665 455 42 288 96 464 509 109 36 535 510 251 369 501 110 397 40 570 139 412 668 496 348 506 353 492 346 697 48 77 404 107 500 680 287 712 438 514 62 323 693 560 72 171 23 664 140 647 380 338 211 513 260 29 243 381 332 476 279 687 99 245 300 21 11 656 507 314 705 339 568 259 543 630 526 411 578 272 242 51 226 415 385 598 517 431 487 659 325 645 544 93 388 150 533 594 611 495 258 229 206 200 80 661 204 635 264 561 596 504 382 153 575 305 67 27 335 16 302 98 395 389 33 142 190 146 225 38 138 196 670 720 13 275 61 542 349 681 654 257 413 474 235 53 429 425 677 188 391 118 478 716 195 638 90 672 250 459 538 198 236 460 406 151 586 463 511 59 144 632 176 479 360 708 690 284 123 704 607 377 685 75 238 78 58 648 652 620 546 715 194 177 493 471 626 261 709 79 428 81 663 266 673 294 562 73 583 719 26 201 94 237 345 262 165 718 505 60 301 363 695 278 629 124 209 465 69 89 400 1 143 613 254 104 313 577 371 396 122 450 147 564 65 101 551 567 134 368 518 548 337 401 682 390 222 293 608 486 394 292 223 87 387 132 227 334 181 666 106 322 407 216 340 375 597 574 370 356 135 541 691 502 600 527 433 317 699 162 729 148 503 350 331 286 554 115 244 54 603 469 304 271 367 320 8 678 497 477 355 282 240 249 328 182 256 231 710 85 423 537 436 424 441 376 618 45 512 457 5 179 467 520 7 637 163 489 528 326 642 43 545 579 120 74 723 


tai729e08
OFV=405828
Best solution: 
322 115 278 468 490 132 415 537 729 194 699 367 429 282 346 476 40 455 409 79 230 433 615 237 198 475 603 370 645 270 342 549 592 663 674 467 314 678 62 474 485 86 277 280 625 498 522 675 371 711 688 80 434 164 505 402 451 6 424 493 518 425 25 357 333 208 713 119 141 579 171 356 75 323 642 607 516 639 266 631 19 588 92 681 562 376 102 661 543 281 204 43 676 243 682 354 503 391 419 624 186 124 111 76 308 249 268 202 191 577 72 553 241 704 304 546 236 725 220 144 602 420 623 527 152 392 457 183 411 635 30 57 672 578 78 511 306 121 590 712 660 245 687 570 710 405 426 135 394 566 620 448 480 51 173 240 116 364 601 698 286 622 52 647 131 693 353 568 288 90 225 170 707 565 689 605 332 331 153 274 418 398 348 334 13 209 33 77 50 239 273 39 533 727 338 45 379 205 317 597 449 526 721 662 706 464 106 313 390 684 149 316 504 551 133 341 616 130 328 664 289 574 651 459 247 452 501 404 108 15 216 613 169 28 634 653 97 161 389 148 559 472 619 400 257 652 722 37 714 290 428 691 438 508 31 140 20 582 399 445 95 724 310 275 484 514 46 656 32 352 460 659 303 309 118 344 300 248 73 326 103 238 123 34 454 302 17 110 264 256 14 71 214 167 16 228 190 458 146 185 621 98 444 291 556 608 432 509 8 629 500 250 197 456 253 380 430 417 716 649 465 59 349 495 723 307 180 292 294 174 539 232 595 10 177 387 572 599 258 538 199 26 366 235 84 515 690 541 461 466 66 530 519 478 219 284 128 143 36 64 643 200 401 705 172 381 276 49 720 374 617 416 251 358 93 696 697 700 529 23 580 412 129 502 368 499 666 488 594 168 408 583 188 312 158 436 120 163 271 654 728 295 151 397 339 351 96 206 113 54 435 305 564 345 382 175 544 483 285 125 532 695 669 83 224 446 702 48 4 531 609 497 91 178 670 222 507 606 297 525 81 668 596 528 347 442 632 82 5 701 523 641 361 422 159 259 547 576 481 685 101 1 407 343 325 569 63 7 540 372 463 648 584 423 585 726 55 201 318 42 386 377 469 58 535 628 142 61 655 21 593 513 263 272 443 679 709 385 100 107 41 166 586 211 359 68 369 644 287 665 187 486 150 560 431 179 694 365 156 311 44 337 692 47 646 611 269 330 658 213 450 340 548 53 470 375 462 267 70 324 157 650 550 109 261 24 413 492 406 708 27 254 471 360 587 112 506 223 403 320 600 355 217 573 12 233 122 22 134 195 154 610 29 319 299 378 279 384 718 581 640 138 719 327 447 657 11 510 192 9 104 524 427 598 165 479 545 614 410 35 147 184 558 336 637 554 395 215 633 89 618 388 246 561 189 212 421 210 393 193 683 2 571 542 99 715 298 87 329 636 160 534 439 589 315 536 162 262 38 487 60 126 350 496 56 265 196 231 301 136 296 521 65 139 373 383 252 94 491 362 630 242 145 612 686 517 627 3 671 489 441 221 440 667 512 677 234 482 203 181 680 703 227 567 69 244 363 74 176 335 494 477 226 218 207 552 117 137 591 283 557 18 717 555 563 414 67 575 453 520 293 473 114 437 638 182 127 155 85 105 604 673 626 321 88 396 229 260 255

tai729e09
OFV=380466
Best solution:
510 532 616 592 68 688 375 699 49 241 521 186 524 310 494 191 702 368 675 210 219 560 319 108 156 112 192 347 221 638 267 350 345 292 637 438 580 406 155 70 199 220 328 493 216 21 394 333 255 14 507 517 706 516 527 258 458 43 207 55 289 726 201 405 600 366 343 72 657 456 3 666 245 410 601 260 182 218 361 314 590 283 469 602 668 615 65 474 491 679 304 237 457 246 676 171 53 194 360 432 198 608 378 632 631 161 578 515 76 509 399 711 351 556 539 239 12 334 443 38 441 233 720 128 102 127 285 13 708 654 501 594 486 51 649 690 236 196 452 717 116 352 277 62 188 262 643 662 715 123 385 490 538 206 722 484 514 11 50 185 178 671 110 298 420 535 168 172 479 617 151 591 307 1 349 125 297 513 488 635 300 425 655 15 582 543 623 190 551 455 577 663 4 595 235 448 449 436 381 529 180 447 678 275 407 402 143 561 31 640 195 67 647 681 147 431 5 135 181 115 243 525 23 489 193 274 609 17 382 44 157 684 152 142 418 603 309 533 287 686 672 339 499 120 295 508 204 272 61 680 99 29 87 442 231 145 536 271 574 317 597 354 587 661 325 610 313 648 697 621 651 240 331 719 81 482 454 695 327 371 520 159 244 497 282 232 429 426 462 96 633 324 439 63 386 403 308 337 400 446 224 723 222 97 323 90 728 522 174 223 636 259 440 106 139 487 306 54 530 32 549 656 276 572 52 437 303 557 89 614 374 548 27 566 33 423 713 291 677 606 552 98 571 619 518 531 344 691 430 290 136 286 471 335 265 249 101 280 348 77 66 468 729 173 611 177 433 472 214 150 641 266 712 365 589 301 256 30 573 396 363 547 500 338 704 28 504 653 383 118 659 329 251 628 397 450 326 105 74 133 422 613 585 673 149 687 252 644 119 228 170 401 391 721 511 94 581 392 332 506 415 475 353 658 622 296 114 34 564 250 40 162 476 202 459 93 370 100 453 158 284 367 377 627 82 46 639 465 175 134 242 709 200 495 318 599 586 546 130 299 605 211 618 79 414 362 563 682 9 356 404 665 39 693 187 478 555 607 56 463 428 512 542 208 176 321 612 203 58 498 467 481 25 75 6 359 41 445 683 24 421 477 7 124 634 642 103 311 395 380 336 364 320 373 340 121 576 59 104 86 92 312 598 179 534 71 132 562 716 113 674 540 660 153 526 248 451 664 575 129 567 646 703 229 727 281 227 160 183 419 519 685 630 379 91 725 346 341 131 568 355 126 570 26 37 247 461 694 650 698 64 620 263 480 148 434 409 278 528 357 73 553 109 718 714 138 545 18 215 257 60 559 48 372 466 389 705 544 20 165 550 163 689 473 724 584 358 583 393 107 558 588 273 424 492 667 137 376 57 254 596 692 485 164 387 16 696 205 293 537 554 416 593 270 565 234 261 95 225 83 84 464 435 483 294 8 85 710 169 412 146 197 625 579 604 213 669 398 47 184 88 342 315 154 36 384 217 626 569 503 167 189 238 624 413 269 268 707 230 42 35 279 427 80 264 305 629 652 209 541 523 144 369 141 140 505 670 302 322 700 288 22 111 45 417 330 166 19 226 212 444 502 69 2 388 10 701 122 316 460 408 496 645 390 470 253 411 117 78

tai729e10
OFV=418354
Best solution: 
680 648 11 592 710 723 276 227 507 433 124 91 481 397 579 689 266 165 52 590 718 60 527 642 313 310 724 406 575 148 677 229 666 115 39 191 323 251 460 421 67 645 89 220 308 43 355 290 169 573 727 49 376 469 676 292 235 405 120 213 454 282 326 31 619 638 447 659 8 437 361 536 641 504 721 720 270 603 196 476 301 42 252 622 92 158 299 550 337 414 404 325 117 513 613 553 587 365 662 69 156 344 629 544 426 247 551 410 616 176 600 700 697 583 363 563 612 27 13 346 316 5 631 569 133 511 155 683 717 232 588 705 12 199 409 712 127 708 144 625 86 226 597 200 667 182 46 665 343 458 241 664 679 340 632 198 285 532 729 473 9 286 561 287 523 238 253 624 441 509 125 615 715 307 123 585 429 387 311 142 55 56 399 96 580 451 283 485 699 19 111 500 293 271 663 291 359 324 245 122 215 351 201 449 103 539 132 113 112 211 660 704 389 420 713 489 650 526 179 471 639 407 10 380 647 171 250 278 280 719 364 7 80 47 354 463 79 442 692 466 114 140 398 107 637 187 62 300 512 586 349 501 350 577 104 627 82 703 254 373 93 598 262 298 408 88 438 255 243 496 427 249 383 214 90 85 319 643 582 236 334 263 674 65 145 419 560 559 353 57 444 382 379 239 635 126 54 578 446 221 608 673 50 670 20 508 706 701 219 656 314 72 716 687 602 129 178 1 528 135 272 478 519 203 486 415 269 167 17 138 483 443 530 75 256 261 607 362 490 3 377 545 36 400 338 450 38 53 393 366 296 347 197 505 61 231 555 332 259 371 525 188 121 541 445 494 707 95 533 411 691 242 564 348 37 341 34 482 514 297 233 572 336 204 15 318 604 636 436 181 381 567 367 574 339 493 702 503 565 693 520 105 288 267 248 177 614 265 452 455 568 246 190 333 497 428 30 330 274 368 345 669 240 571 97 596 106 492 495 394 73 134 230 189 16 81 477 356 244 457 714 108 41 322 71 385 675 184 186 556 25 682 510 378 418 152 289 570 303 118 309 435 208 529 166 149 518 223 655 360 358 413 4 150 294 264 258 116 128 584 681 305 162 24 424 315 110 84 646 141 304 453 146 370 68 369 484 94 225 722 281 192 22 331 459 163 634 45 342 684 284 640 465 76 416 18 329 462 193 470 595 609 99 709 531 78 562 540 143 581 671 174 137 101 621 690 202 327 70 386 170 28 388 173 605 456 183 195 210 698 606 14 164 275 439 23 468 29 153 417 100 396 2 218 131 661 618 77 384 726 374 352 40 695 543 205 461 474 130 522 515 306 696 26 59 566 626 535 422 423 499 524 64 412 516 151 694 87 488 35 216 194 209 48 83 44 102 321 224 159 711 652 498 678 66 537 547 277 335 651 401 589 620 168 33 317 548 425 268 357 139 279 234 594 554 260 464 402 51 628 599 558 610 154 633 611 649 546 440 630 658 623 472 479 328 98 237 506 206 403 257 475 372 686 557 390 147 521 273 119 617 549 653 725 58 685 302 63 222 517 593 432 434 502 644 728 180 320 160 212 552 228 688 576 185 295 542 491 654 391 375 109 175 172 431 74 312 207 392 448 480 161 668 6 157 32 534 591 657 467 538 395 601 136 672 217 487 21 430
